000 00901 00000000 00000001 00000000 00000000 00000000 00000000 00000000 00000000 00000000 00000000 00000000 00000000 00000000 00000000 00000000 00000000
002 06E91 00000000 0000000B 00000000 00000000 00000000 00000000 00000000 00000000 00000000 00000001 00000000 00000000 00000000 00000000 00000000 00000000
004 10301 00000000 00000100 00000000 00000000 00000000 00000000 00000000 00000000 00000000 00000001 00000000 00000000 00000000 00000000 00000800 00000000
006 10401 00000000 00000101 00000000 00000004 00000000 00000000 00000000 00000000 00000000 00000001 00000000 00000000 00000000 00000000 00000800 00000000
008 0FF10 00000000 0000000E 00000000 00000004 00000003 00000000 00000000 00000000 00000000 00000001 00000000 00000000 00000000 00000000 00000800 00000000
00E 00EE1 00000000 FFFFFFFC 00000000 00000004 00000003 00000000 00000000 00000000 00000000 00000001 00000000 00000000 00000000 00000000 00000800 0000000A
010 11AE1 00000000 00000003 00000000 00000004 00000003 00000000 00000000 00000000 00000000 00000001 00000000 00000000 00000000 00000000 000007FC 0000000A
012 11FE1 00000000 00000002 00000000 00000004 00000003 00000000 00000000 00000000 00000000 00000001 00000000 00000000 00000000 00000000 000007FC 0000000A
014 113E1 00000000 00000001 00000000 00000004 00000003 00000000 00000000 00000000 00000000 00000001 00000000 00000000 00000000 00000000 000007FC 0000000A
016 114E1 00000000 00000000 00000000 00000004 00000003 00000000 00000000 00000000 00000000 00000001 00000000 00000000 00000000 00000000 000007FC 0000000A
018 09140 00000000 0000002E 00000000 00000004 00000003 00000000 00000000 00000000 00000000 00000001 00000000 00000000 00000000 00000000 000007FC 0000000A
01A 09134 00000000 0000002E 00000000 00000004 00000003 00000000 00000000 00000000 00000000 00000001 00000000 00000000 00000000 00000000 000007FC 0000000A
01C 01331 00000000 00000001 00000000 00000004 00000003 00000000 00000000 00000000 00000000 00000001 00000000 00000000 00000000 00000000 000007FC 0000000A
01E 01441 00000000 00000001 00000000 00000003 00000003 00000000 00000000 00000000 00000000 00000001 00000000 00000000 00000000 00000000 000007FC 0000000A
020 0FF10 00000000 0000000E 00000000 00000003 00000002 00000000 00000000 00000000 00000000 00000001 00000000 00000000 00000000 00000000 000007FC 0000000A
00E 00EE1 00000000 FFFFFFFC 00000000 00000003 00000002 00000000 00000000 00000000 00000000 00000001 00000000 00000000 00000000 00000000 000007FC 00000022
010 11AE1 00000000 00000003 00000000 00000003 00000002 00000000 00000000 00000000 00000000 00000001 00000000 00000000 00000000 00000000 000007F8 00000022
012 11FE1 00000000 00000002 00000000 00000003 00000002 00000000 00000000 00000000 00000000 00000001 00000000 00000000 00000000 00000000 000007F8 00000022
014 113E1 00000000 00000001 00000000 00000003 00000002 00000000 00000000 00000000 00000000 00000001 00000000 00000000 00000000 00000000 000007F8 00000022
016 114E1 00000000 00000000 00000000 00000003 00000002 00000000 00000000 00000000 00000000 00000001 00000000 00000000 00000000 00000000 000007F8 00000022
018 09140 00000000 0000002E 00000000 00000003 00000002 00000000 00000000 00000000 00000000 00000001 00000000 00000000 00000000 00000000 000007F8 00000022
01A 09134 00000000 0000002E 00000000 00000003 00000002 00000000 00000000 00000000 00000000 00000001 00000000 00000000 00000000 00000000 000007F8 00000022
01C 01331 00000000 00000001 00000000 00000003 00000002 00000000 00000000 00000000 00000000 00000001 00000000 00000000 00000000 00000000 000007F8 00000022
01E 01441 00000000 00000001 00000000 00000002 00000002 00000000 00000000 00000000 00000000 00000001 00000000 00000000 00000000 00000000 000007F8 00000022
020 0FF10 00000000 0000000E 00000000 00000002 00000001 00000000 00000000 00000000 00000000 00000001 00000000 00000000 00000000 00000000 000007F8 00000022
00E 00EE1 00000000 FFFFFFFC 00000000 00000002 00000001 00000000 00000000 00000000 00000000 00000001 00000000 00000000 00000000 00000000 000007F8 00000022
010 11AE1 00000000 00000003 00000000 00000002 00000001 00000000 00000000 00000000 00000000 00000001 00000000 00000000 00000000 00000000 000007F4 00000022
012 11FE1 00000000 00000002 00000000 00000002 00000001 00000000 00000000 00000000 00000000 00000001 00000000 00000000 00000000 00000000 000007F4 00000022
014 113E1 00000000 00000001 00000000 00000002 00000001 00000000 00000000 00000000 00000000 00000001 00000000 00000000 00000000 00000000 000007F4 00000022
016 114E1 00000000 00000000 00000000 00000002 00000001 00000000 00000000 00000000 00000000 00000001 00000000 00000000 00000000 00000000 000007F4 00000022
018 09140 00000000 0000002E 00000000 00000002 00000001 00000000 00000000 00000000 00000000 00000001 00000000 00000000 00000000 00000000 000007F4 00000022
01A 09134 00000000 0000002E 00000000 00000002 00000001 00000000 00000000 00000000 00000000 00000001 00000000 00000000 00000000 00000000 000007F4 00000022
01C 01331 00000000 00000001 00000000 00000002 00000001 00000000 00000000 00000000 00000000 00000001 00000000 00000000 00000000 00000000 000007F4 00000022
01E 01441 00000000 00000001 00000000 00000001 00000001 00000000 00000000 00000000 00000000 00000001 00000000 00000000 00000000 00000000 000007F4 00000022
020 0FF10 00000000 0000000E 00000000 00000001 00000000 00000000 00000000 00000000 00000000 00000001 00000000 00000000 00000000 00000000 000007F4 00000022
00E 00EE1 00000000 FFFFFFFC 00000000 00000001 00000000 00000000 00000000 00000000 00000000 00000001 00000000 00000000 00000000 00000000 000007F4 00000022
010 11AE1 00000000 00000003 00000000 00000001 00000000 00000000 00000000 00000000 00000000 00000001 00000000 00000000 00000000 00000000 000007F0 00000022
012 11FE1 00000000 00000002 00000000 00000001 00000000 00000000 00000000 00000000 00000000 00000001 00000000 00000000 00000000 00000000 000007F0 00000022
014 113E1 00000000 00000001 00000000 00000001 00000000 00000000 00000000 00000000 00000000 00000001 00000000 00000000 00000000 00000000 000007F0 00000022
016 114E1 00000000 00000000 00000000 00000001 00000000 00000000 00000000 00000000 00000000 00000001 00000000 00000000 00000000 00000000 000007F0 00000022
018 09140 00000000 0000002E 00000000 00000001 00000000 00000000 00000000 00000000 00000000 00000001 00000000 00000000 00000000 00000000 000007F0 00000022
02E 00201 00000000 00000001 00000000 00000001 00000000 00000000 00000000 00000000 00000000 00000001 00000000 00000000 00000000 00000000 000007F0 00000022
030 104E1 00000000 00000000 00000001 00000001 00000000 00000000 00000000 00000000 00000000 00000001 00000000 00000000 00000000 00000000 000007F0 00000022
032 103E1 00000000 00000001 00000001 00000001 00000000 00000000 00000000 00000000 00000000 00000001 00000000 00000000 00000000 00000000 000007F0 00000022
034 10FE1 00000000 00000002 00000001 00000001 00000000 00000000 00000000 00000000 00000000 00000001 00000000 00000000 00000000 00000000 000007F0 00000022
036 10AE1 00000000 00000003 00000001 00000001 00000000 00000000 00000000 00000000 00000000 00000001 00000000 00000000 00000000 00000000 000007F0 00000022
038 00EE1 00000000 00000004 00000001 00000001 00000000 00000000 00000000 00000000 00000000 00000001 00000000 00000000 00000000 00000000 000007F0 00000022
03A 09F00 00000000 00000000 00000001 00000001 00000000 00000000 00000000 00000000 00000000 00000001 00000000 00000000 00000000 00000000 000007F4 00000022
022 00A20 00000000 00000000 00000001 00000001 00000000 00000000 00000000 00000000 00000000 00000001 00000000 00000000 00000000 00000000 000007F4 00000022
023 103E1 00000000 00000001 00000001 00000001 00000000 00000000 00000000 00000000 00000000 00000001 00000001 00000000 00000000 00000000 000007F4 00000022
025 104E1 00000000 00000000 00000001 00000002 00000000 00000000 00000000 00000000 00000000 00000001 00000001 00000000 00000000 00000000 000007F4 00000022
027 01331 00000000 00000001 00000001 00000002 00000001 00000000 00000000 00000000 00000000 00000001 00000001 00000000 00000000 00000000 000007F4 00000022
029 0FF10 00000000 0000000E 00000001 00000001 00000001 00000000 00000000 00000000 00000000 00000001 00000001 00000000 00000000 00000000 000007F4 00000022
00E 00EE1 00000000 FFFFFFFC 00000001 00000001 00000001 00000000 00000000 00000000 00000000 00000001 00000001 00000000 00000000 00000000 000007F4 0000002B
010 11AE1 00000000 00000003 00000001 00000001 00000001 00000000 00000000 00000000 00000000 00000001 00000001 00000000 00000000 00000000 000007F0 0000002B
012 11FE1 00000000 00000002 00000001 00000001 00000001 00000000 00000000 00000000 00000000 00000001 00000001 00000000 00000000 00000000 000007F0 0000002B
014 113E1 00000000 00000001 00000001 00000001 00000001 00000000 00000000 00000000 00000000 00000001 00000001 00000000 00000000 00000000 000007F0 0000002B
016 114E1 00000000 00000000 00000001 00000001 00000001 00000000 00000000 00000000 00000000 00000001 00000001 00000000 00000000 00000000 000007F0 0000002B
018 09140 00000000 0000002E 00000001 00000001 00000001 00000000 00000000 00000000 00000000 00000001 00000001 00000000 00000000 00000000 000007F0 0000002B
01A 09134 00000000 0000002E 00000001 00000001 00000001 00000000 00000000 00000000 00000000 00000001 00000001 00000000 00000000 00000000 000007F0 0000002B
02E 00201 00000000 00000001 00000001 00000001 00000001 00000000 00000000 00000000 00000000 00000001 00000001 00000000 00000000 00000000 000007F0 0000002B
030 104E1 00000000 00000000 00000001 00000001 00000001 00000000 00000000 00000000 00000000 00000001 00000001 00000000 00000000 00000000 000007F0 0000002B
032 103E1 00000000 00000001 00000001 00000001 00000001 00000000 00000000 00000000 00000000 00000001 00000001 00000000 00000000 00000000 000007F0 0000002B
034 10FE1 00000000 00000002 00000001 00000001 00000001 00000000 00000000 00000000 00000000 00000001 00000001 00000000 00000000 00000000 000007F0 0000002B
036 10AE1 00000000 00000003 00000001 00000001 00000001 00000000 00000000 00000000 00000000 00000001 00000001 00000000 00000000 00000000 000007F0 0000002B
038 00EE1 00000000 00000004 00000001 00000001 00000001 00000000 00000000 00000000 00000000 00000001 00000001 00000000 00000000 00000000 000007F0 0000002B
03A 09F00 00000000 00000000 00000001 00000001 00000001 00000000 00000000 00000000 00000000 00000001 00000001 00000000 00000000 00000000 000007F4 0000002B
02B 0022A 00000000 00000000 00000001 00000001 00000001 00000000 00000000 00000000 00000000 00000001 00000001 00000000 00000000 00000000 000007F4 0000002B
02C 09100 00000000 00000030 00000002 00000001 00000001 00000000 00000000 00000000 00000000 00000001 00000001 00000000 00000000 00000000 000007F4 0000002B
030 104E1 00000000 00000000 00000002 00000001 00000001 00000000 00000000 00000000 00000000 00000001 00000001 00000000 00000000 00000000 000007F4 0000002B
032 103E1 00000000 00000001 00000002 00000001 00000001 00000000 00000000 00000000 00000000 00000001 00000001 00000000 00000000 00000000 000007F4 0000002B
034 10FE1 00000000 00000002 00000002 00000002 00000001 00000000 00000000 00000000 00000000 00000001 00000001 00000000 00000000 00000000 000007F4 0000002B
036 10AE1 00000000 00000003 00000002 00000002 00000001 00000000 00000000 00000000 00000000 00000001 00000001 00000000 00000000 00000000 000007F4 00000022
038 00EE1 00000000 00000004 00000002 00000002 00000001 00000000 00000000 00000000 00000000 00000001 00000000 00000000 00000000 00000000 000007F4 00000022
03A 09F00 00000000 00000000 00000002 00000002 00000001 00000000 00000000 00000000 00000000 00000001 00000000 00000000 00000000 00000000 000007F8 00000022
022 00A20 00000000 00000000 00000002 00000002 00000001 00000000 00000000 00000000 00000000 00000001 00000000 00000000 00000000 00000000 000007F8 00000022
023 103E1 00000000 00000001 00000002 00000002 00000001 00000000 00000000 00000000 00000000 00000001 00000002 00000000 00000000 00000000 000007F8 00000022
025 104E1 00000000 00000000 00000002 00000003 00000001 00000000 00000000 00000000 00000000 00000001 00000002 00000000 00000000 00000000 000007F8 00000022
027 01331 00000000 00000001 00000002 00000003 00000002 00000000 00000000 00000000 00000000 00000001 00000002 00000000 00000000 00000000 000007F8 00000022
029 0FF10 00000000 0000000E 00000002 00000002 00000002 00000000 00000000 00000000 00000000 00000001 00000002 00000000 00000000 00000000 000007F8 00000022
00E 00EE1 00000000 FFFFFFFC 00000002 00000002 00000002 00000000 00000000 00000000 00000000 00000001 00000002 00000000 00000000 00000000 000007F8 0000002B
010 11AE1 00000000 00000003 00000002 00000002 00000002 00000000 00000000 00000000 00000000 00000001 00000002 00000000 00000000 00000000 000007F4 0000002B
012 11FE1 00000000 00000002 00000002 00000002 00000002 00000000 00000000 00000000 00000000 00000001 00000002 00000000 00000000 00000000 000007F4 0000002B
014 113E1 00000000 00000001 00000002 00000002 00000002 00000000 00000000 00000000 00000000 00000001 00000002 00000000 00000000 00000000 000007F4 0000002B
016 114E1 00000000 00000000 00000002 00000002 00000002 00000000 00000000 00000000 00000000 00000001 00000002 00000000 00000000 00000000 000007F4 0000002B
018 09140 00000000 0000002E 00000002 00000002 00000002 00000000 00000000 00000000 00000000 00000001 00000002 00000000 00000000 00000000 000007F4 0000002B
01A 09134 00000000 0000002E 00000002 00000002 00000002 00000000 00000000 00000000 00000000 00000001 00000002 00000000 00000000 00000000 000007F4 0000002B
02E 00201 00000000 00000001 00000002 00000002 00000002 00000000 00000000 00000000 00000000 00000001 00000002 00000000 00000000 00000000 000007F4 0000002B
030 104E1 00000000 00000000 00000001 00000002 00000002 00000000 00000000 00000000 00000000 00000001 00000002 00000000 00000000 00000000 000007F4 0000002B
032 103E1 00000000 00000001 00000001 00000002 00000002 00000000 00000000 00000000 00000000 00000001 00000002 00000000 00000000 00000000 000007F4 0000002B
034 10FE1 00000000 00000002 00000001 00000002 00000002 00000000 00000000 00000000 00000000 00000001 00000002 00000000 00000000 00000000 000007F4 0000002B
036 10AE1 00000000 00000003 00000001 00000002 00000002 00000000 00000000 00000000 00000000 00000001 00000002 00000000 00000000 00000000 000007F4 0000002B
038 00EE1 00000000 00000004 00000001 00000002 00000002 00000000 00000000 00000000 00000000 00000001 00000002 00000000 00000000 00000000 000007F4 0000002B
03A 09F00 00000000 00000000 00000001 00000002 00000002 00000000 00000000 00000000 00000000 00000001 00000002 00000000 00000000 00000000 000007F8 0000002B
02B 0022A 00000000 00000000 00000001 00000002 00000002 00000000 00000000 00000000 00000000 00000001 00000002 00000000 00000000 00000000 000007F8 0000002B
02C 09100 00000000 00000030 00000003 00000002 00000002 00000000 00000000 00000000 00000000 00000001 00000002 00000000 00000000 00000000 000007F8 0000002B
030 104E1 00000000 00000000 00000003 00000002 00000002 00000000 00000000 00000000 00000000 00000001 00000002 00000000 00000000 00000000 000007F8 0000002B
032 103E1 00000000 00000001 00000003 00000002 00000002 00000000 00000000 00000000 00000000 00000001 00000002 00000000 00000000 00000000 000007F8 0000002B
034 10FE1 00000000 00000002 00000003 00000003 00000002 00000000 00000000 00000000 00000000 00000001 00000002 00000000 00000000 00000000 000007F8 0000002B
036 10AE1 00000000 00000003 00000003 00000003 00000002 00000000 00000000 00000000 00000000 00000001 00000002 00000000 00000000 00000000 000007F8 00000022
038 00EE1 00000000 00000004 00000003 00000003 00000002 00000000 00000000 00000000 00000000 00000001 00000000 00000000 00000000 00000000 000007F8 00000022
03A 09F00 00000000 00000000 00000003 00000003 00000002 00000000 00000000 00000000 00000000 00000001 00000000 00000000 00000000 00000000 000007FC 00000022
022 00A20 00000000 00000000 00000003 00000003 00000002 00000000 00000000 00000000 00000000 00000001 00000000 00000000 00000000 00000000 000007FC 00000022
023 103E1 00000000 00000001 00000003 00000003 00000002 00000000 00000000 00000000 00000000 00000001 00000003 00000000 00000000 00000000 000007FC 00000022
025 104E1 00000000 00000000 00000003 00000004 00000002 00000000 00000000 00000000 00000000 00000001 00000003 00000000 00000000 00000000 000007FC 00000022
027 01331 00000000 00000001 00000003 00000004 00000003 00000000 00000000 00000000 00000000 00000001 00000003 00000000 00000000 00000000 000007FC 00000022
029 0FF10 00000000 0000000E 00000003 00000003 00000003 00000000 00000000 00000000 00000000 00000001 00000003 00000000 00000000 00000000 000007FC 00000022
00E 00EE1 00000000 FFFFFFFC 00000003 00000003 00000003 00000000 00000000 00000000 00000000 00000001 00000003 00000000 00000000 00000000 000007FC 0000002B
010 11AE1 00000000 00000003 00000003 00000003 00000003 00000000 00000000 00000000 00000000 00000001 00000003 00000000 00000000 00000000 000007F8 0000002B
012 11FE1 00000000 00000002 00000003 00000003 00000003 00000000 00000000 00000000 00000000 00000001 00000003 00000000 00000000 00000000 000007F8 0000002B
014 113E1 00000000 00000001 00000003 00000003 00000003 00000000 00000000 00000000 00000000 00000001 00000003 00000000 00000000 00000000 000007F8 0000002B
016 114E1 00000000 00000000 00000003 00000003 00000003 00000000 00000000 00000000 00000000 00000001 00000003 00000000 00000000 00000000 000007F8 0000002B
018 09140 00000000 0000002E 00000003 00000003 00000003 00000000 00000000 00000000 00000000 00000001 00000003 00000000 00000000 00000000 000007F8 0000002B
01A 09134 00000000 0000002E 00000003 00000003 00000003 00000000 00000000 00000000 00000000 00000001 00000003 00000000 00000000 00000000 000007F8 0000002B
02E 00201 00000000 00000001 00000003 00000003 00000003 00000000 00000000 00000000 00000000 00000001 00000003 00000000 00000000 00000000 000007F8 0000002B
030 104E1 00000000 00000000 00000001 00000003 00000003 00000000 00000000 00000000 00000000 00000001 00000003 00000000 00000000 00000000 000007F8 0000002B
032 103E1 00000000 00000001 00000001 00000003 00000003 00000000 00000000 00000000 00000000 00000001 00000003 00000000 00000000 00000000 000007F8 0000002B
034 10FE1 00000000 00000002 00000001 00000003 00000003 00000000 00000000 00000000 00000000 00000001 00000003 00000000 00000000 00000000 000007F8 0000002B
036 10AE1 00000000 00000003 00000001 00000003 00000003 00000000 00000000 00000000 00000000 00000001 00000003 00000000 00000000 00000000 000007F8 0000002B
038 00EE1 00000000 00000004 00000001 00000003 00000003 00000000 00000000 00000000 00000000 00000001 00000003 00000000 00000000 00000000 000007F8 0000002B
03A 09F00 00000000 00000000 00000001 00000003 00000003 00000000 00000000 00000000 00000000 00000001 00000003 00000000 00000000 00000000 000007FC 0000002B
02B 0022A 00000000 00000000 00000001 00000003 00000003 00000000 00000000 00000000 00000000 00000001 00000003 00000000 00000000 00000000 000007FC 0000002B
02C 09100 00000000 00000030 00000004 00000003 00000003 00000000 00000000 00000000 00000000 00000001 00000003 00000000 00000000 00000000 000007FC 0000002B
030 104E1 00000000 00000000 00000004 00000003 00000003 00000000 00000000 00000000 00000000 00000001 00000003 00000000 00000000 00000000 000007FC 0000002B
032 103E1 00000000 00000001 00000004 00000003 00000003 00000000 00000000 00000000 00000000 00000001 00000003 00000000 00000000 00000000 000007FC 0000002B
034 10FE1 00000000 00000002 00000004 00000004 00000003 00000000 00000000 00000000 00000000 00000001 00000003 00000000 00000000 00000000 000007FC 0000002B
036 10AE1 00000000 00000003 00000004 00000004 00000003 00000000 00000000 00000000 00000000 00000001 00000003 00000000 00000000 00000000 000007FC 0000000A
038 00EE1 00000000 00000004 00000004 00000004 00000003 00000000 00000000 00000000 00000000 00000001 00000000 00000000 00000000 00000000 000007FC 0000000A
03A 09F00 00000000 00000000 00000004 00000004 00000003 00000000 00000000 00000000 00000000 00000001 00000000 00000000 00000000 00000000 00000800 0000000A
00A 11201 00000000 00000102 00000004 00000004 00000003 00000000 00000000 00000000 00000000 00000001 00000000 00000000 00000000 00000000 00000800 0000000A
00C 15001 00000000 00000000 00000004 00000004 00000003 00000000 00000000 00000000 00000000 00000001 00000000 00000000 00000000 00000000 00000800 0000000A
