000 00A000000000 00000000 00000000 00000000 00000000 00000000 00000000 00000000 00000000 00000000 00000000 00000000 00000000 00000000 00000000 00000000 00000000
001 009000000000 00000000 00000000 00000000 00000000 00000000 00000000 00000000 00000000 00000000 00000000 00000000 00000000 00000000 00000000 00000000 00000000
002 006000000000 00000000 00000000 00000000 00000000 00000000 00000000 00000000 00000000 00000000 00000000 00000000 00000000 00000000 00000000 00000000 00000000
003 00C000000000 00000000 00000000 00000000 00000000 00000000 00000000 00000000 00000000 00000000 00000000 00000000 00000000 00000000 00000000 00000000 00000000
004 00B000000000 00000000 00000000 00000000 00000000 00000000 00000000 00000000 00000000 00000000 00000000 00000000 00000000 00000000 00000000 00000000 00000000
005 027A1B004000 00000000 00000004 00000000 00000000 00000000 00000000 00000000 00000000 00000000 00000000 00000000 00000000 00000000 00000000 00000000 00000000
006 104170100000 00000000 00000100 00000000 00000000 00000000 00000000 00000000 00000000 00000000 00000000 00000000 00000000 00000000 00000000 00000000 00000000
007 028B16004000 00000000 00000004 00000000 00000000 00000001 00000000 00000000 00000000 00000000 00000000 00000000 00000000 00000000 00000000 00000000 00000000
008 105180110000 00000000 00000110 00000000 00000000 00000001 00000000 00000000 00000000 00000000 00000000 00000000 00000000 00000000 00000000 00000000 00000000
009 02C45C000000 00000000 00000000 00000000 00000000 00000001 00000002 00000000 00000000 00000000 00000000 00000000 00000000 00000000 00000000 00000000 00000000
00A 00BB10001000 00000000 00000001 00000000 00000000 00000001 00000002 00000000 00000000 00000000 00000000 00000000 00000000 00000002 00000000 00000000 00000000
00B 0A0B12004005 00000000 00000004 00000005 00000000 00000001 00000002 00000000 00000000 00000000 00000000 00000000 00000001 00000002 00000000 00000000 00000000
005 027A1B004000 00000000 00000004 00000000 00000000 00000001 00000002 00000000 00000000 00000000 00000000 00000000 00000001 00000002 00000000 00000000 00000000
006 104170100000 00000000 00000100 00000000 00000000 00000001 00000002 00000000 00000001 00000000 00000000 00000000 00000001 00000002 00000000 00000000 00000000
007 028B16004000 00000000 00000004 00000000 00000000 00000002 00000002 00000000 00000001 00000000 00000000 00000000 00000001 00000002 00000000 00000000 00000000
008 105180110000 00000000 00000110 00000000 00000000 00000002 00000002 00000000 00000001 00000004 00000000 00000000 00000001 00000002 00000000 00000000 00000000
009 02C45C000000 00000000 00000000 00000000 00000000 00000002 00000000 00000000 00000001 00000004 00000000 00000000 00000001 00000002 00000000 00000000 00000000
00A 00BB10001000 00000000 00000001 00000000 00000000 00000002 00000000 00000000 00000001 00000004 00000000 00000000 00000001 00000002 00000000 00000000 00000000
00B 0A0B12004005 00000000 00000004 00000005 00000000 00000002 00000000 00000000 00000001 00000004 00000000 00000000 00000002 00000002 00000000 00000000 00000000
005 027A1B004000 00000000 00000004 00000000 00000000 00000002 00000000 00000000 00000001 00000004 00000000 00000000 00000002 00000002 00000000 00000000 00000000
006 104170100000 00000000 00000100 00000000 00000000 00000002 00000000 00000000 00000002 00000004 00000000 00000000 00000002 00000002 00000000 00000000 00000000
007 028B16004000 00000000 00000004 00000000 00000000 00000003 00000000 00000000 00000002 00000004 00000000 00000000 00000002 00000002 00000000 00000000 00000000
008 105180110000 00000000 00000110 00000000 00000000 00000003 00000000 00000000 00000002 00000008 00000000 00000000 00000002 00000002 00000000 00000000 00000000
009 02C45C000000 00000000 00000000 00000000 00000000 00000003 fffffffc 00000000 00000002 00000008 00000000 00000000 00000002 00000002 00000000 00000000 00000000
00A 00BB10001000 00000000 00000001 00000000 00000000 00000003 fffffffc 00000000 00000002 00000008 00000000 00000000 00000002 fffffff6 00000000 00000000 00000000
00B 0A0B12004005 00000000 00000004 00000005 00000000 00000003 fffffffc 00000000 00000002 00000008 00000000 00000000 00000003 fffffff6 00000000 00000000 00000000
005 027A1B004000 00000000 00000004 00000000 00000000 00000003 fffffffc 00000000 00000002 00000008 00000000 00000000 00000003 fffffff6 00000000 00000000 00000000
006 104170100000 00000000 00000100 00000000 00000000 00000003 fffffffc 00000000 00000003 00000008 00000000 00000000 00000003 fffffff6 00000000 00000000 00000000
007 028B16004000 00000000 00000004 00000000 00000000 00000004 fffffffc 00000000 00000003 00000008 00000000 00000000 00000003 fffffff6 00000000 00000000 00000000
008 105180110000 00000000 00000110 00000000 00000000 00000004 fffffffc 00000000 00000003 0000000c 00000000 00000000 00000003 fffffff6 00000000 00000000 00000000
009 02C45C000000 00000000 00000000 00000000 00000000 00000004 00000000 00000000 00000003 0000000c 00000000 00000000 00000003 fffffff6 00000000 00000000 00000000
00A 00BB10001000 00000000 00000001 00000000 00000000 00000004 00000000 00000000 00000003 0000000c 00000000 00000000 00000003 fffffff6 00000000 00000000 00000000
00B 0A0B12004005 00000000 00000004 00000005 00000000 00000004 00000000 00000000 00000003 0000000c 00000000 00000000 00000004 fffffff6 00000000 00000000 00000000
00C 11C910120000 00000000 00000120 00000000 00000000 00000004 00000000 00000000 00000003 0000000c 00000000 00000000 00000004 fffffff6 00000000 00000000 00000000
00D 009290000001 00000000 00000000 00000001 00000000 00000004 00000000 00000000 00000003 0000000c 00000000 00000000 00000004 fffffff6 00000000 00000000 00000000
00E 006260000001 00000000 00000000 00000001 00000000 00000004 00000000 00000000 00000003 0000000c 00000001 00000000 00000004 fffffff6 00000000 00000000 00000000
00F 0A0612004003 00000000 00000004 00000003 00000000 00000004 00000000 00000001 00000003 0000000c 00000001 00000000 00000004 fffffff6 00000000 00000000 00000000
003 00C000000000 00000000 00000000 00000000 00000000 00000004 00000000 00000001 00000003 0000000c 00000001 00000000 00000004 fffffff6 00000000 00000000 00000000
004 00B000000000 00000000 00000000 00000000 00000000 00000004 00000000 00000001 00000003 0000000c 00000001 00000000 00000004 00000000 00000000 00000000 00000000
005 027A1B004000 00000000 00000004 00000000 00000000 00000004 00000000 00000001 00000003 0000000c 00000001 00000000 00000000 00000000 00000000 00000000 00000000
006 104170100000 00000000 00000100 00000000 00000000 00000004 00000000 00000001 00000000 0000000c 00000001 00000000 00000000 00000000 00000000 00000000 00000000
007 028B16004000 00000000 00000004 00000000 00000000 00000001 00000000 00000001 00000000 0000000c 00000001 00000000 00000000 00000000 00000000 00000000 00000000
008 105180110000 00000000 00000110 00000000 00000000 00000001 00000000 00000001 00000000 00000001 00000001 00000000 00000000 00000000 00000000 00000000 00000000
009 02C45C000000 00000000 00000000 00000000 00000000 00000001 00000002 00000001 00000000 00000001 00000001 00000000 00000000 00000000 00000000 00000000 00000000
00A 00BB10001000 00000000 00000001 00000000 00000000 00000001 00000002 00000001 00000000 00000001 00000001 00000000 00000000 00000002 00000000 00000000 00000000
00B 0A0B12004005 00000000 00000004 00000005 00000000 00000001 00000002 00000001 00000000 00000001 00000001 00000000 00000001 00000002 00000000 00000000 00000000
005 027A1B004000 00000000 00000004 00000000 00000000 00000001 00000002 00000001 00000000 00000001 00000001 00000000 00000001 00000002 00000000 00000000 00000000
006 104170100000 00000000 00000100 00000000 00000000 00000001 00000002 00000001 00000001 00000001 00000001 00000000 00000001 00000002 00000000 00000000 00000000
007 028B16004000 00000000 00000004 00000000 00000000 00000002 00000002 00000001 00000001 00000001 00000001 00000000 00000001 00000002 00000000 00000000 00000000
008 105180110000 00000000 00000110 00000000 00000000 00000002 00000002 00000001 00000001 00000005 00000001 00000000 00000001 00000002 00000000 00000000 00000000
009 02C45C000000 00000000 00000000 00000000 00000000 00000002 00000001 00000001 00000001 00000005 00000001 00000000 00000001 00000002 00000000 00000000 00000000
00A 00BB10001000 00000000 00000001 00000000 00000000 00000002 00000001 00000001 00000001 00000005 00000001 00000000 00000001 00000004 00000000 00000000 00000000
00B 0A0B12004005 00000000 00000004 00000005 00000000 00000002 00000001 00000001 00000001 00000005 00000001 00000000 00000002 00000004 00000000 00000000 00000000
005 027A1B004000 00000000 00000004 00000000 00000000 00000002 00000001 00000001 00000001 00000005 00000001 00000000 00000002 00000004 00000000 00000000 00000000
006 104170100000 00000000 00000100 00000000 00000000 00000002 00000001 00000001 00000002 00000005 00000001 00000000 00000002 00000004 00000000 00000000 00000000
007 028B16004000 00000000 00000004 00000000 00000000 00000003 00000001 00000001 00000002 00000005 00000001 00000000 00000002 00000004 00000000 00000000 00000000
008 105180110000 00000000 00000110 00000000 00000000 00000003 00000001 00000001 00000002 00000009 00000001 00000000 00000002 00000004 00000000 00000000 00000000
009 02C45C000000 00000000 00000000 00000000 00000000 00000003 00000003 00000001 00000002 00000009 00000001 00000000 00000002 00000004 00000000 00000000 00000000
00A 00BB10001000 00000000 00000001 00000000 00000000 00000003 00000003 00000001 00000002 00000009 00000001 00000000 00000002 0000000d 00000000 00000000 00000000
00B 0A0B12004005 00000000 00000004 00000005 00000000 00000003 00000003 00000001 00000002 00000009 00000001 00000000 00000003 0000000d 00000000 00000000 00000000
005 027A1B004000 00000000 00000004 00000000 00000000 00000003 00000003 00000001 00000002 00000009 00000001 00000000 00000003 0000000d 00000000 00000000 00000000
006 104170100000 00000000 00000100 00000000 00000000 00000003 00000003 00000001 00000003 00000009 00000001 00000000 00000003 0000000d 00000000 00000000 00000000
007 028B16004000 00000000 00000004 00000000 00000000 00000004 00000003 00000001 00000003 00000009 00000001 00000000 00000003 0000000d 00000000 00000000 00000000
008 105180110000 00000000 00000110 00000000 00000000 00000004 00000003 00000001 00000003 0000000d 00000001 00000000 00000003 0000000d 00000000 00000000 00000000
009 02C45C000000 00000000 00000000 00000000 00000000 00000004 00000005 00000001 00000003 0000000d 00000001 00000000 00000003 0000000d 00000000 00000000 00000000
00A 00BB10001000 00000000 00000001 00000000 00000000 00000004 00000005 00000001 00000003 0000000d 00000001 00000000 00000003 00000021 00000000 00000000 00000000
00B 0A0B12004005 00000000 00000004 00000005 00000000 00000004 00000005 00000001 00000003 0000000d 00000001 00000000 00000004 00000021 00000000 00000000 00000000
00C 11C910120000 00000000 00000120 00000000 00000000 00000004 00000005 00000001 00000003 0000000d 00000001 00000000 00000004 00000021 00000000 00000000 00000000
00D 009290000001 00000000 00000000 00000001 00000000 00000004 00000005 00000001 00000003 0000000d 00000001 00000000 00000004 00000021 00000000 00000000 00000000
00E 006260000001 00000000 00000000 00000001 00000000 00000004 00000005 00000001 00000003 0000000d 00000002 00000000 00000004 00000021 00000000 00000000 00000000
00F 0A0612004003 00000000 00000004 00000003 00000000 00000004 00000005 00000002 00000003 0000000d 00000002 00000000 00000004 00000021 00000000 00000000 00000000
003 00C000000000 00000000 00000000 00000000 00000000 00000004 00000005 00000002 00000003 0000000d 00000002 00000000 00000004 00000021 00000000 00000000 00000000
004 00B000000000 00000000 00000000 00000000 00000000 00000004 00000005 00000002 00000003 0000000d 00000002 00000000 00000004 00000000 00000000 00000000 00000000
005 027A1B004000 00000000 00000004 00000000 00000000 00000004 00000005 00000002 00000003 0000000d 00000002 00000000 00000000 00000000 00000000 00000000 00000000
006 104170100000 00000000 00000100 00000000 00000000 00000004 00000005 00000002 00000000 0000000d 00000002 00000000 00000000 00000000 00000000 00000000 00000000
007 028B16004000 00000000 00000004 00000000 00000000 00000001 00000005 00000002 00000000 0000000d 00000002 00000000 00000000 00000000 00000000 00000000 00000000
008 105180110000 00000000 00000110 00000000 00000000 00000001 00000005 00000002 00000000 00000002 00000002 00000000 00000000 00000000 00000000 00000000 00000000
009 02C45C000000 00000000 00000000 00000000 00000000 00000001 00000002 00000002 00000000 00000002 00000002 00000000 00000000 00000000 00000000 00000000 00000000
00A 00BB10001000 00000000 00000001 00000000 00000000 00000001 00000002 00000002 00000000 00000002 00000002 00000000 00000000 00000002 00000000 00000000 00000000
00B 0A0B12004005 00000000 00000004 00000005 00000000 00000001 00000002 00000002 00000000 00000002 00000002 00000000 00000001 00000002 00000000 00000000 00000000
005 027A1B004000 00000000 00000004 00000000 00000000 00000001 00000002 00000002 00000000 00000002 00000002 00000000 00000001 00000002 00000000 00000000 00000000
006 104170100000 00000000 00000100 00000000 00000000 00000001 00000002 00000002 00000001 00000002 00000002 00000000 00000001 00000002 00000000 00000000 00000000
007 028B16004000 00000000 00000004 00000000 00000000 00000002 00000002 00000002 00000001 00000002 00000002 00000000 00000001 00000002 00000000 00000000 00000000
008 105180110000 00000000 00000110 00000000 00000000 00000002 00000002 00000002 00000001 00000006 00000002 00000000 00000001 00000002 00000000 00000000 00000000
009 02C45C000000 00000000 00000000 00000000 00000000 00000002 00000000 00000002 00000001 00000006 00000002 00000000 00000001 00000002 00000000 00000000 00000000
00A 00BB10001000 00000000 00000001 00000000 00000000 00000002 00000000 00000002 00000001 00000006 00000002 00000000 00000001 00000002 00000000 00000000 00000000
00B 0A0B12004005 00000000 00000004 00000005 00000000 00000002 00000000 00000002 00000001 00000006 00000002 00000000 00000002 00000002 00000000 00000000 00000000
005 027A1B004000 00000000 00000004 00000000 00000000 00000002 00000000 00000002 00000001 00000006 00000002 00000000 00000002 00000002 00000000 00000000 00000000
006 104170100000 00000000 00000100 00000000 00000000 00000002 00000000 00000002 00000002 00000006 00000002 00000000 00000002 00000002 00000000 00000000 00000000
007 028B16004000 00000000 00000004 00000000 00000000 00000003 00000000 00000002 00000002 00000006 00000002 00000000 00000002 00000002 00000000 00000000 00000000
008 105180110000 00000000 00000110 00000000 00000000 00000003 00000000 00000002 00000002 0000000a 00000002 00000000 00000002 00000002 00000000 00000000 00000000
009 02C45C000000 00000000 00000000 00000000 00000000 00000003 fffffffe 00000002 00000002 0000000a 00000002 00000000 00000002 00000002 00000000 00000000 00000000
00A 00BB10001000 00000000 00000001 00000000 00000000 00000003 fffffffe 00000002 00000002 0000000a 00000002 00000000 00000002 fffffffc 00000000 00000000 00000000
00B 0A0B12004005 00000000 00000004 00000005 00000000 00000003 fffffffe 00000002 00000002 0000000a 00000002 00000000 00000003 fffffffc 00000000 00000000 00000000
005 027A1B004000 00000000 00000004 00000000 00000000 00000003 fffffffe 00000002 00000002 0000000a 00000002 00000000 00000003 fffffffc 00000000 00000000 00000000
006 104170100000 00000000 00000100 00000000 00000000 00000003 fffffffe 00000002 00000003 0000000a 00000002 00000000 00000003 fffffffc 00000000 00000000 00000000
007 028B16004000 00000000 00000004 00000000 00000000 00000004 fffffffe 00000002 00000003 0000000a 00000002 00000000 00000003 fffffffc 00000000 00000000 00000000
008 105180110000 00000000 00000110 00000000 00000000 00000004 fffffffe 00000002 00000003 0000000e 00000002 00000000 00000003 fffffffc 00000000 00000000 00000000
009 02C45C000000 00000000 00000000 00000000 00000000 00000004 00000006 00000002 00000003 0000000e 00000002 00000000 00000003 fffffffc 00000000 00000000 00000000
00A 00BB10001000 00000000 00000001 00000000 00000000 00000004 00000006 00000002 00000003 0000000e 00000002 00000000 00000003 00000014 00000000 00000000 00000000
00B 0A0B12004005 00000000 00000004 00000005 00000000 00000004 00000006 00000002 00000003 0000000e 00000002 00000000 00000004 00000014 00000000 00000000 00000000
00C 11C910120000 00000000 00000120 00000000 00000000 00000004 00000006 00000002 00000003 0000000e 00000002 00000000 00000004 00000014 00000000 00000000 00000000
00D 009290000001 00000000 00000000 00000001 00000000 00000004 00000006 00000002 00000003 0000000e 00000002 00000000 00000004 00000014 00000000 00000000 00000000
00E 006260000001 00000000 00000000 00000001 00000000 00000004 00000006 00000002 00000003 0000000e 00000003 00000000 00000004 00000014 00000000 00000000 00000000
00F 0A0612004003 00000000 00000004 00000003 00000000 00000004 00000006 00000003 00000003 0000000e 00000003 00000000 00000004 00000014 00000000 00000000 00000000
003 00C000000000 00000000 00000000 00000000 00000000 00000004 00000006 00000003 00000003 0000000e 00000003 00000000 00000004 00000014 00000000 00000000 00000000
004 00B000000000 00000000 00000000 00000000 00000000 00000004 00000006 00000003 00000003 0000000e 00000003 00000000 00000004 00000000 00000000 00000000 00000000
005 027A1B004000 00000000 00000004 00000000 00000000 00000004 00000006 00000003 00000003 0000000e 00000003 00000000 00000000 00000000 00000000 00000000 00000000
006 104170100000 00000000 00000100 00000000 00000000 00000004 00000006 00000003 00000000 0000000e 00000003 00000000 00000000 00000000 00000000 00000000 00000000
007 028B16004000 00000000 00000004 00000000 00000000 00000001 00000006 00000003 00000000 0000000e 00000003 00000000 00000000 00000000 00000000 00000000 00000000
008 105180110000 00000000 00000110 00000000 00000000 00000001 00000006 00000003 00000000 00000003 00000003 00000000 00000000 00000000 00000000 00000000 00000000
009 02C45C000000 00000000 00000000 00000000 00000000 00000001 00000002 00000003 00000000 00000003 00000003 00000000 00000000 00000000 00000000 00000000 00000000
00A 00BB10001000 00000000 00000001 00000000 00000000 00000001 00000002 00000003 00000000 00000003 00000003 00000000 00000000 00000002 00000000 00000000 00000000
00B 0A0B12004005 00000000 00000004 00000005 00000000 00000001 00000002 00000003 00000000 00000003 00000003 00000000 00000001 00000002 00000000 00000000 00000000
005 027A1B004000 00000000 00000004 00000000 00000000 00000001 00000002 00000003 00000000 00000003 00000003 00000000 00000001 00000002 00000000 00000000 00000000
006 104170100000 00000000 00000100 00000000 00000000 00000001 00000002 00000003 00000001 00000003 00000003 00000000 00000001 00000002 00000000 00000000 00000000
007 028B16004000 00000000 00000004 00000000 00000000 00000002 00000002 00000003 00000001 00000003 00000003 00000000 00000001 00000002 00000000 00000000 00000000
008 105180110000 00000000 00000110 00000000 00000000 00000002 00000002 00000003 00000001 00000007 00000003 00000000 00000001 00000002 00000000 00000000 00000000
009 02C45C000000 00000000 00000000 00000000 00000000 00000002 00000001 00000003 00000001 00000007 00000003 00000000 00000001 00000002 00000000 00000000 00000000
00A 00BB10001000 00000000 00000001 00000000 00000000 00000002 00000001 00000003 00000001 00000007 00000003 00000000 00000001 00000004 00000000 00000000 00000000
00B 0A0B12004005 00000000 00000004 00000005 00000000 00000002 00000001 00000003 00000001 00000007 00000003 00000000 00000002 00000004 00000000 00000000 00000000
005 027A1B004000 00000000 00000004 00000000 00000000 00000002 00000001 00000003 00000001 00000007 00000003 00000000 00000002 00000004 00000000 00000000 00000000
006 104170100000 00000000 00000100 00000000 00000000 00000002 00000001 00000003 00000002 00000007 00000003 00000000 00000002 00000004 00000000 00000000 00000000
007 028B16004000 00000000 00000004 00000000 00000000 00000003 00000001 00000003 00000002 00000007 00000003 00000000 00000002 00000004 00000000 00000000 00000000
008 105180110000 00000000 00000110 00000000 00000000 00000003 00000001 00000003 00000002 0000000b 00000003 00000000 00000002 00000004 00000000 00000000 00000000
009 02C45C000000 00000000 00000000 00000000 00000000 00000003 00000001 00000003 00000002 0000000b 00000003 00000000 00000002 00000004 00000000 00000000 00000000
00A 00BB10001000 00000000 00000001 00000000 00000000 00000003 00000001 00000003 00000002 0000000b 00000003 00000000 00000002 00000007 00000000 00000000 00000000
00B 0A0B12004005 00000000 00000004 00000005 00000000 00000003 00000001 00000003 00000002 0000000b 00000003 00000000 00000003 00000007 00000000 00000000 00000000
005 027A1B004000 00000000 00000004 00000000 00000000 00000003 00000001 00000003 00000002 0000000b 00000003 00000000 00000003 00000007 00000000 00000000 00000000
006 104170100000 00000000 00000100 00000000 00000000 00000003 00000001 00000003 00000003 0000000b 00000003 00000000 00000003 00000007 00000000 00000000 00000000
007 028B16004000 00000000 00000004 00000000 00000000 00000004 00000001 00000003 00000003 0000000b 00000003 00000000 00000003 00000007 00000000 00000000 00000000
008 105180110000 00000000 00000110 00000000 00000000 00000004 00000001 00000003 00000003 0000000f 00000003 00000000 00000003 00000007 00000000 00000000 00000000
009 02C45C000000 00000000 00000000 00000000 00000000 00000004 00000000 00000003 00000003 0000000f 00000003 00000000 00000003 00000007 00000000 00000000 00000000
00A 00BB10001000 00000000 00000001 00000000 00000000 00000004 00000000 00000003 00000003 0000000f 00000003 00000000 00000003 00000007 00000000 00000000 00000000
00B 0A0B12004005 00000000 00000004 00000005 00000000 00000004 00000000 00000003 00000003 0000000f 00000003 00000000 00000004 00000007 00000000 00000000 00000000
00C 11C910120000 00000000 00000120 00000000 00000000 00000004 00000000 00000003 00000003 0000000f 00000003 00000000 00000004 00000007 00000000 00000000 00000000
00D 009290000001 00000000 00000000 00000001 00000000 00000004 00000000 00000003 00000003 0000000f 00000003 00000000 00000004 00000007 00000000 00000000 00000000
00E 006260000001 00000000 00000000 00000001 00000000 00000004 00000000 00000003 00000003 0000000f 00000004 00000000 00000004 00000007 00000000 00000000 00000000
00F 0A0612004003 00000000 00000004 00000003 00000000 00000004 00000000 00000004 00000003 0000000f 00000004 00000000 00000004 00000007 00000000 00000000 00000000
010 00AA10001000 00000000 00000001 00000000 00000000 00000004 00000000 00000004 00000003 0000000f 00000004 00000000 00000004 00000007 00000000 00000000 00000000
011 0A0A12004002 00000000 00000004 00000002 00000000 00000004 00000000 00000004 00000003 0000000f 00000004 00000001 00000004 00000007 00000000 00000000 00000000
002 006000000000 00000000 00000000 00000000 00000000 00000004 00000000 00000004 00000003 0000000f 00000004 00000001 00000004 00000007 00000000 00000000 00000000
003 00C000000000 00000000 00000000 00000000 00000000 00000004 00000000 00000000 00000003 0000000f 00000004 00000001 00000004 00000007 00000000 00000000 00000000
004 00B000000000 00000000 00000000 00000000 00000000 00000004 00000000 00000000 00000003 0000000f 00000004 00000001 00000004 00000000 00000000 00000000 00000000
005 027A1B004000 00000000 00000004 00000000 00000000 00000004 00000000 00000000 00000003 0000000f 00000004 00000001 00000000 00000000 00000000 00000000 00000000
006 104170100000 00000000 00000100 00000000 00000000 00000004 00000000 00000000 00000004 0000000f 00000004 00000001 00000000 00000000 00000000 00000000 00000000
007 028B16004000 00000000 00000004 00000000 00000000 ffffffff 00000000 00000000 00000004 0000000f 00000004 00000001 00000000 00000000 00000000 00000000 00000000
008 105180110000 00000000 00000110 00000000 00000000 ffffffff 00000000 00000000 00000004 00000000 00000004 00000001 00000000 00000000 00000000 00000000 00000000
009 02C45C000000 00000000 00000000 00000000 00000000 ffffffff 00000002 00000000 00000004 00000000 00000004 00000001 00000000 00000000 00000000 00000000 00000000
00A 00BB10001000 00000000 00000001 00000000 00000000 ffffffff 00000002 00000000 00000004 00000000 00000004 00000001 00000000 fffffffe 00000000 00000000 00000000
00B 0A0B12004005 00000000 00000004 00000005 00000000 ffffffff 00000002 00000000 00000004 00000000 00000004 00000001 00000001 fffffffe 00000000 00000000 00000000
005 027A1B004000 00000000 00000004 00000000 00000000 ffffffff 00000002 00000000 00000004 00000000 00000004 00000001 00000001 fffffffe 00000000 00000000 00000000
006 104170100000 00000000 00000100 00000000 00000000 ffffffff 00000002 00000000 00000005 00000000 00000004 00000001 00000001 fffffffe 00000000 00000000 00000000
007 028B16004000 00000000 00000004 00000000 00000000 fffffffe 00000002 00000000 00000005 00000000 00000004 00000001 00000001 fffffffe 00000000 00000000 00000000
008 105180110000 00000000 00000110 00000000 00000000 fffffffe 00000002 00000000 00000005 00000004 00000004 00000001 00000001 fffffffe 00000000 00000000 00000000
009 02C45C000000 00000000 00000000 00000000 00000000 fffffffe 00000000 00000000 00000005 00000004 00000004 00000001 00000001 fffffffe 00000000 00000000 00000000
00A 00BB10001000 00000000 00000001 00000000 00000000 fffffffe 00000000 00000000 00000005 00000004 00000004 00000001 00000001 fffffffe 00000000 00000000 00000000
00B 0A0B12004005 00000000 00000004 00000005 00000000 fffffffe 00000000 00000000 00000005 00000004 00000004 00000001 00000002 fffffffe 00000000 00000000 00000000
005 027A1B004000 00000000 00000004 00000000 00000000 fffffffe 00000000 00000000 00000005 00000004 00000004 00000001 00000002 fffffffe 00000000 00000000 00000000
006 104170100000 00000000 00000100 00000000 00000000 fffffffe 00000000 00000000 00000006 00000004 00000004 00000001 00000002 fffffffe 00000000 00000000 00000000
007 028B16004000 00000000 00000004 00000000 00000000 fffffffd 00000000 00000000 00000006 00000004 00000004 00000001 00000002 fffffffe 00000000 00000000 00000000
008 105180110000 00000000 00000110 00000000 00000000 fffffffd 00000000 00000000 00000006 00000008 00000004 00000001 00000002 fffffffe 00000000 00000000 00000000
009 02C45C000000 00000000 00000000 00000000 00000000 fffffffd fffffffc 00000000 00000006 00000008 00000004 00000001 00000002 fffffffe 00000000 00000000 00000000
00A 00BB10001000 00000000 00000001 00000000 00000000 fffffffd fffffffc 00000000 00000006 00000008 00000004 00000001 00000002 0000000a 00000000 00000000 00000000
00B 0A0B12004005 00000000 00000004 00000005 00000000 fffffffd fffffffc 00000000 00000006 00000008 00000004 00000001 00000003 0000000a 00000000 00000000 00000000
005 027A1B004000 00000000 00000004 00000000 00000000 fffffffd fffffffc 00000000 00000006 00000008 00000004 00000001 00000003 0000000a 00000000 00000000 00000000
006 104170100000 00000000 00000100 00000000 00000000 fffffffd fffffffc 00000000 00000007 00000008 00000004 00000001 00000003 0000000a 00000000 00000000 00000000
007 028B16004000 00000000 00000004 00000000 00000000 fffffffc fffffffc 00000000 00000007 00000008 00000004 00000001 00000003 0000000a 00000000 00000000 00000000
008 105180110000 00000000 00000110 00000000 00000000 fffffffc fffffffc 00000000 00000007 0000000c 00000004 00000001 00000003 0000000a 00000000 00000000 00000000
009 02C45C000000 00000000 00000000 00000000 00000000 fffffffc 00000000 00000000 00000007 0000000c 00000004 00000001 00000003 0000000a 00000000 00000000 00000000
00A 00BB10001000 00000000 00000001 00000000 00000000 fffffffc 00000000 00000000 00000007 0000000c 00000004 00000001 00000003 0000000a 00000000 00000000 00000000
00B 0A0B12004005 00000000 00000004 00000005 00000000 fffffffc 00000000 00000000 00000007 0000000c 00000004 00000001 00000004 0000000a 00000000 00000000 00000000
00C 11C910120000 00000000 00000120 00000000 00000000 fffffffc 00000000 00000000 00000007 0000000c 00000004 00000001 00000004 0000000a 00000000 00000000 00000000
00D 009290000001 00000000 00000000 00000001 00000000 fffffffc 00000000 00000000 00000007 0000000c 00000004 00000001 00000004 0000000a 00000000 00000000 00000000
00E 006260000001 00000000 00000000 00000001 00000000 fffffffc 00000000 00000000 00000007 0000000c 00000005 00000001 00000004 0000000a 00000000 00000000 00000000
00F 0A0612004003 00000000 00000004 00000003 00000000 fffffffc 00000000 00000001 00000007 0000000c 00000005 00000001 00000004 0000000a 00000000 00000000 00000000
003 00C000000000 00000000 00000000 00000000 00000000 fffffffc 00000000 00000001 00000007 0000000c 00000005 00000001 00000004 0000000a 00000000 00000000 00000000
004 00B000000000 00000000 00000000 00000000 00000000 fffffffc 00000000 00000001 00000007 0000000c 00000005 00000001 00000004 00000000 00000000 00000000 00000000
005 027A1B004000 00000000 00000004 00000000 00000000 fffffffc 00000000 00000001 00000007 0000000c 00000005 00000001 00000000 00000000 00000000 00000000 00000000
006 104170100000 00000000 00000100 00000000 00000000 fffffffc 00000000 00000001 00000004 0000000c 00000005 00000001 00000000 00000000 00000000 00000000 00000000
007 028B16004000 00000000 00000004 00000000 00000000 ffffffff 00000000 00000001 00000004 0000000c 00000005 00000001 00000000 00000000 00000000 00000000 00000000
008 105180110000 00000000 00000110 00000000 00000000 ffffffff 00000000 00000001 00000004 00000001 00000005 00000001 00000000 00000000 00000000 00000000 00000000
009 02C45C000000 00000000 00000000 00000000 00000000 ffffffff 00000002 00000001 00000004 00000001 00000005 00000001 00000000 00000000 00000000 00000000 00000000
00A 00BB10001000 00000000 00000001 00000000 00000000 ffffffff 00000002 00000001 00000004 00000001 00000005 00000001 00000000 fffffffe 00000000 00000000 00000000
00B 0A0B12004005 00000000 00000004 00000005 00000000 ffffffff 00000002 00000001 00000004 00000001 00000005 00000001 00000001 fffffffe 00000000 00000000 00000000
005 027A1B004000 00000000 00000004 00000000 00000000 ffffffff 00000002 00000001 00000004 00000001 00000005 00000001 00000001 fffffffe 00000000 00000000 00000000
006 104170100000 00000000 00000100 00000000 00000000 ffffffff 00000002 00000001 00000005 00000001 00000005 00000001 00000001 fffffffe 00000000 00000000 00000000
007 028B16004000 00000000 00000004 00000000 00000000 fffffffe 00000002 00000001 00000005 00000001 00000005 00000001 00000001 fffffffe 00000000 00000000 00000000
008 105180110000 00000000 00000110 00000000 00000000 fffffffe 00000002 00000001 00000005 00000005 00000005 00000001 00000001 fffffffe 00000000 00000000 00000000
009 02C45C000000 00000000 00000000 00000000 00000000 fffffffe 00000001 00000001 00000005 00000005 00000005 00000001 00000001 fffffffe 00000000 00000000 00000000
00A 00BB10001000 00000000 00000001 00000000 00000000 fffffffe 00000001 00000001 00000005 00000005 00000005 00000001 00000001 fffffffc 00000000 00000000 00000000
00B 0A0B12004005 00000000 00000004 00000005 00000000 fffffffe 00000001 00000001 00000005 00000005 00000005 00000001 00000002 fffffffc 00000000 00000000 00000000
005 027A1B004000 00000000 00000004 00000000 00000000 fffffffe 00000001 00000001 00000005 00000005 00000005 00000001 00000002 fffffffc 00000000 00000000 00000000
006 104170100000 00000000 00000100 00000000 00000000 fffffffe 00000001 00000001 00000006 00000005 00000005 00000001 00000002 fffffffc 00000000 00000000 00000000
007 028B16004000 00000000 00000004 00000000 00000000 fffffffd 00000001 00000001 00000006 00000005 00000005 00000001 00000002 fffffffc 00000000 00000000 00000000
008 105180110000 00000000 00000110 00000000 00000000 fffffffd 00000001 00000001 00000006 00000009 00000005 00000001 00000002 fffffffc 00000000 00000000 00000000
009 02C45C000000 00000000 00000000 00000000 00000000 fffffffd 00000003 00000001 00000006 00000009 00000005 00000001 00000002 fffffffc 00000000 00000000 00000000
00A 00BB10001000 00000000 00000001 00000000 00000000 fffffffd 00000003 00000001 00000006 00000009 00000005 00000001 00000002 fffffff3 00000000 00000000 00000000
00B 0A0B12004005 00000000 00000004 00000005 00000000 fffffffd 00000003 00000001 00000006 00000009 00000005 00000001 00000003 fffffff3 00000000 00000000 00000000
005 027A1B004000 00000000 00000004 00000000 00000000 fffffffd 00000003 00000001 00000006 00000009 00000005 00000001 00000003 fffffff3 00000000 00000000 00000000
006 104170100000 00000000 00000100 00000000 00000000 fffffffd 00000003 00000001 00000007 00000009 00000005 00000001 00000003 fffffff3 00000000 00000000 00000000
007 028B16004000 00000000 00000004 00000000 00000000 fffffffc 00000003 00000001 00000007 00000009 00000005 00000001 00000003 fffffff3 00000000 00000000 00000000
008 105180110000 00000000 00000110 00000000 00000000 fffffffc 00000003 00000001 00000007 0000000d 00000005 00000001 00000003 fffffff3 00000000 00000000 00000000
009 02C45C000000 00000000 00000000 00000000 00000000 fffffffc 00000005 00000001 00000007 0000000d 00000005 00000001 00000003 fffffff3 00000000 00000000 00000000
00A 00BB10001000 00000000 00000001 00000000 00000000 fffffffc 00000005 00000001 00000007 0000000d 00000005 00000001 00000003 ffffffdf 00000000 00000000 00000000
00B 0A0B12004005 00000000 00000004 00000005 00000000 fffffffc 00000005 00000001 00000007 0000000d 00000005 00000001 00000004 ffffffdf 00000000 00000000 00000000
00C 11C910120000 00000000 00000120 00000000 00000000 fffffffc 00000005 00000001 00000007 0000000d 00000005 00000001 00000004 ffffffdf 00000000 00000000 00000000
00D 009290000001 00000000 00000000 00000001 00000000 fffffffc 00000005 00000001 00000007 0000000d 00000005 00000001 00000004 ffffffdf 00000000 00000000 00000000
00E 006260000001 00000000 00000000 00000001 00000000 fffffffc 00000005 00000001 00000007 0000000d 00000006 00000001 00000004 ffffffdf 00000000 00000000 00000000
00F 0A0612004003 00000000 00000004 00000003 00000000 fffffffc 00000005 00000002 00000007 0000000d 00000006 00000001 00000004 ffffffdf 00000000 00000000 00000000
003 00C000000000 00000000 00000000 00000000 00000000 fffffffc 00000005 00000002 00000007 0000000d 00000006 00000001 00000004 ffffffdf 00000000 00000000 00000000
004 00B000000000 00000000 00000000 00000000 00000000 fffffffc 00000005 00000002 00000007 0000000d 00000006 00000001 00000004 00000000 00000000 00000000 00000000
005 027A1B004000 00000000 00000004 00000000 00000000 fffffffc 00000005 00000002 00000007 0000000d 00000006 00000001 00000000 00000000 00000000 00000000 00000000
006 104170100000 00000000 00000100 00000000 00000000 fffffffc 00000005 00000002 00000004 0000000d 00000006 00000001 00000000 00000000 00000000 00000000 00000000
007 028B16004000 00000000 00000004 00000000 00000000 ffffffff 00000005 00000002 00000004 0000000d 00000006 00000001 00000000 00000000 00000000 00000000 00000000
008 105180110000 00000000 00000110 00000000 00000000 ffffffff 00000005 00000002 00000004 00000002 00000006 00000001 00000000 00000000 00000000 00000000 00000000
009 02C45C000000 00000000 00000000 00000000 00000000 ffffffff 00000002 00000002 00000004 00000002 00000006 00000001 00000000 00000000 00000000 00000000 00000000
00A 00BB10001000 00000000 00000001 00000000 00000000 ffffffff 00000002 00000002 00000004 00000002 00000006 00000001 00000000 fffffffe 00000000 00000000 00000000
00B 0A0B12004005 00000000 00000004 00000005 00000000 ffffffff 00000002 00000002 00000004 00000002 00000006 00000001 00000001 fffffffe 00000000 00000000 00000000
005 027A1B004000 00000000 00000004 00000000 00000000 ffffffff 00000002 00000002 00000004 00000002 00000006 00000001 00000001 fffffffe 00000000 00000000 00000000
006 104170100000 00000000 00000100 00000000 00000000 ffffffff 00000002 00000002 00000005 00000002 00000006 00000001 00000001 fffffffe 00000000 00000000 00000000
007 028B16004000 00000000 00000004 00000000 00000000 fffffffe 00000002 00000002 00000005 00000002 00000006 00000001 00000001 fffffffe 00000000 00000000 00000000
008 105180110000 00000000 00000110 00000000 00000000 fffffffe 00000002 00000002 00000005 00000006 00000006 00000001 00000001 fffffffe 00000000 00000000 00000000
009 02C45C000000 00000000 00000000 00000000 00000000 fffffffe 00000000 00000002 00000005 00000006 00000006 00000001 00000001 fffffffe 00000000 00000000 00000000
00A 00BB10001000 00000000 00000001 00000000 00000000 fffffffe 00000000 00000002 00000005 00000006 00000006 00000001 00000001 fffffffe 00000000 00000000 00000000
00B 0A0B12004005 00000000 00000004 00000005 00000000 fffffffe 00000000 00000002 00000005 00000006 00000006 00000001 00000002 fffffffe 00000000 00000000 00000000
005 027A1B004000 00000000 00000004 00000000 00000000 fffffffe 00000000 00000002 00000005 00000006 00000006 00000001 00000002 fffffffe 00000000 00000000 00000000
006 104170100000 00000000 00000100 00000000 00000000 fffffffe 00000000 00000002 00000006 00000006 00000006 00000001 00000002 fffffffe 00000000 00000000 00000000
007 028B16004000 00000000 00000004 00000000 00000000 fffffffd 00000000 00000002 00000006 00000006 00000006 00000001 00000002 fffffffe 00000000 00000000 00000000
008 105180110000 00000000 00000110 00000000 00000000 fffffffd 00000000 00000002 00000006 0000000a 00000006 00000001 00000002 fffffffe 00000000 00000000 00000000
009 02C45C000000 00000000 00000000 00000000 00000000 fffffffd fffffffe 00000002 00000006 0000000a 00000006 00000001 00000002 fffffffe 00000000 00000000 00000000
00A 00BB10001000 00000000 00000001 00000000 00000000 fffffffd fffffffe 00000002 00000006 0000000a 00000006 00000001 00000002 00000004 00000000 00000000 00000000
00B 0A0B12004005 00000000 00000004 00000005 00000000 fffffffd fffffffe 00000002 00000006 0000000a 00000006 00000001 00000003 00000004 00000000 00000000 00000000
005 027A1B004000 00000000 00000004 00000000 00000000 fffffffd fffffffe 00000002 00000006 0000000a 00000006 00000001 00000003 00000004 00000000 00000000 00000000
006 104170100000 00000000 00000100 00000000 00000000 fffffffd fffffffe 00000002 00000007 0000000a 00000006 00000001 00000003 00000004 00000000 00000000 00000000
007 028B16004000 00000000 00000004 00000000 00000000 fffffffc fffffffe 00000002 00000007 0000000a 00000006 00000001 00000003 00000004 00000000 00000000 00000000
008 105180110000 00000000 00000110 00000000 00000000 fffffffc fffffffe 00000002 00000007 0000000e 00000006 00000001 00000003 00000004 00000000 00000000 00000000
009 02C45C000000 00000000 00000000 00000000 00000000 fffffffc 00000006 00000002 00000007 0000000e 00000006 00000001 00000003 00000004 00000000 00000000 00000000
00A 00BB10001000 00000000 00000001 00000000 00000000 fffffffc 00000006 00000002 00000007 0000000e 00000006 00000001 00000003 ffffffec 00000000 00000000 00000000
00B 0A0B12004005 00000000 00000004 00000005 00000000 fffffffc 00000006 00000002 00000007 0000000e 00000006 00000001 00000004 ffffffec 00000000 00000000 00000000
00C 11C910120000 00000000 00000120 00000000 00000000 fffffffc 00000006 00000002 00000007 0000000e 00000006 00000001 00000004 ffffffec 00000000 00000000 00000000
00D 009290000001 00000000 00000000 00000001 00000000 fffffffc 00000006 00000002 00000007 0000000e 00000006 00000001 00000004 ffffffec 00000000 00000000 00000000
00E 006260000001 00000000 00000000 00000001 00000000 fffffffc 00000006 00000002 00000007 0000000e 00000007 00000001 00000004 ffffffec 00000000 00000000 00000000
00F 0A0612004003 00000000 00000004 00000003 00000000 fffffffc 00000006 00000003 00000007 0000000e 00000007 00000001 00000004 ffffffec 00000000 00000000 00000000
003 00C000000000 00000000 00000000 00000000 00000000 fffffffc 00000006 00000003 00000007 0000000e 00000007 00000001 00000004 ffffffec 00000000 00000000 00000000
004 00B000000000 00000000 00000000 00000000 00000000 fffffffc 00000006 00000003 00000007 0000000e 00000007 00000001 00000004 00000000 00000000 00000000 00000000
005 027A1B004000 00000000 00000004 00000000 00000000 fffffffc 00000006 00000003 00000007 0000000e 00000007 00000001 00000000 00000000 00000000 00000000 00000000
006 104170100000 00000000 00000100 00000000 00000000 fffffffc 00000006 00000003 00000004 0000000e 00000007 00000001 00000000 00000000 00000000 00000000 00000000
007 028B16004000 00000000 00000004 00000000 00000000 ffffffff 00000006 00000003 00000004 0000000e 00000007 00000001 00000000 00000000 00000000 00000000 00000000
008 105180110000 00000000 00000110 00000000 00000000 ffffffff 00000006 00000003 00000004 00000003 00000007 00000001 00000000 00000000 00000000 00000000 00000000
009 02C45C000000 00000000 00000000 00000000 00000000 ffffffff 00000002 00000003 00000004 00000003 00000007 00000001 00000000 00000000 00000000 00000000 00000000
00A 00BB10001000 00000000 00000001 00000000 00000000 ffffffff 00000002 00000003 00000004 00000003 00000007 00000001 00000000 fffffffe 00000000 00000000 00000000
00B 0A0B12004005 00000000 00000004 00000005 00000000 ffffffff 00000002 00000003 00000004 00000003 00000007 00000001 00000001 fffffffe 00000000 00000000 00000000
005 027A1B004000 00000000 00000004 00000000 00000000 ffffffff 00000002 00000003 00000004 00000003 00000007 00000001 00000001 fffffffe 00000000 00000000 00000000
006 104170100000 00000000 00000100 00000000 00000000 ffffffff 00000002 00000003 00000005 00000003 00000007 00000001 00000001 fffffffe 00000000 00000000 00000000
007 028B16004000 00000000 00000004 00000000 00000000 fffffffe 00000002 00000003 00000005 00000003 00000007 00000001 00000001 fffffffe 00000000 00000000 00000000
008 105180110000 00000000 00000110 00000000 00000000 fffffffe 00000002 00000003 00000005 00000007 00000007 00000001 00000001 fffffffe 00000000 00000000 00000000
009 02C45C000000 00000000 00000000 00000000 00000000 fffffffe 00000001 00000003 00000005 00000007 00000007 00000001 00000001 fffffffe 00000000 00000000 00000000
00A 00BB10001000 00000000 00000001 00000000 00000000 fffffffe 00000001 00000003 00000005 00000007 00000007 00000001 00000001 fffffffc 00000000 00000000 00000000
00B 0A0B12004005 00000000 00000004 00000005 00000000 fffffffe 00000001 00000003 00000005 00000007 00000007 00000001 00000002 fffffffc 00000000 00000000 00000000
005 027A1B004000 00000000 00000004 00000000 00000000 fffffffe 00000001 00000003 00000005 00000007 00000007 00000001 00000002 fffffffc 00000000 00000000 00000000
006 104170100000 00000000 00000100 00000000 00000000 fffffffe 00000001 00000003 00000006 00000007 00000007 00000001 00000002 fffffffc 00000000 00000000 00000000
007 028B16004000 00000000 00000004 00000000 00000000 fffffffd 00000001 00000003 00000006 00000007 00000007 00000001 00000002 fffffffc 00000000 00000000 00000000
008 105180110000 00000000 00000110 00000000 00000000 fffffffd 00000001 00000003 00000006 0000000b 00000007 00000001 00000002 fffffffc 00000000 00000000 00000000
009 02C45C000000 00000000 00000000 00000000 00000000 fffffffd 00000001 00000003 00000006 0000000b 00000007 00000001 00000002 fffffffc 00000000 00000000 00000000
00A 00BB10001000 00000000 00000001 00000000 00000000 fffffffd 00000001 00000003 00000006 0000000b 00000007 00000001 00000002 fffffff9 00000000 00000000 00000000
00B 0A0B12004005 00000000 00000004 00000005 00000000 fffffffd 00000001 00000003 00000006 0000000b 00000007 00000001 00000003 fffffff9 00000000 00000000 00000000
005 027A1B004000 00000000 00000004 00000000 00000000 fffffffd 00000001 00000003 00000006 0000000b 00000007 00000001 00000003 fffffff9 00000000 00000000 00000000
006 104170100000 00000000 00000100 00000000 00000000 fffffffd 00000001 00000003 00000007 0000000b 00000007 00000001 00000003 fffffff9 00000000 00000000 00000000
007 028B16004000 00000000 00000004 00000000 00000000 fffffffc 00000001 00000003 00000007 0000000b 00000007 00000001 00000003 fffffff9 00000000 00000000 00000000
008 105180110000 00000000 00000110 00000000 00000000 fffffffc 00000001 00000003 00000007 0000000f 00000007 00000001 00000003 fffffff9 00000000 00000000 00000000
009 02C45C000000 00000000 00000000 00000000 00000000 fffffffc 00000000 00000003 00000007 0000000f 00000007 00000001 00000003 fffffff9 00000000 00000000 00000000
00A 00BB10001000 00000000 00000001 00000000 00000000 fffffffc 00000000 00000003 00000007 0000000f 00000007 00000001 00000003 fffffff9 00000000 00000000 00000000
00B 0A0B12004005 00000000 00000004 00000005 00000000 fffffffc 00000000 00000003 00000007 0000000f 00000007 00000001 00000004 fffffff9 00000000 00000000 00000000
00C 11C910120000 00000000 00000120 00000000 00000000 fffffffc 00000000 00000003 00000007 0000000f 00000007 00000001 00000004 fffffff9 00000000 00000000 00000000
00D 009290000001 00000000 00000000 00000001 00000000 fffffffc 00000000 00000003 00000007 0000000f 00000007 00000001 00000004 fffffff9 00000000 00000000 00000000
00E 006260000001 00000000 00000000 00000001 00000000 fffffffc 00000000 00000003 00000007 0000000f 00000008 00000001 00000004 fffffff9 00000000 00000000 00000000
00F 0A0612004003 00000000 00000004 00000003 00000000 fffffffc 00000000 00000004 00000007 0000000f 00000008 00000001 00000004 fffffff9 00000000 00000000 00000000
010 00AA10001000 00000000 00000001 00000000 00000000 fffffffc 00000000 00000004 00000007 0000000f 00000008 00000001 00000004 fffffff9 00000000 00000000 00000000
011 0A0A12004002 00000000 00000004 00000002 00000000 fffffffc 00000000 00000004 00000007 0000000f 00000008 00000002 00000004 fffffff9 00000000 00000000 00000000
002 006000000000 00000000 00000000 00000000 00000000 fffffffc 00000000 00000004 00000007 0000000f 00000008 00000002 00000004 fffffff9 00000000 00000000 00000000
003 00C000000000 00000000 00000000 00000000 00000000 fffffffc 00000000 00000000 00000007 0000000f 00000008 00000002 00000004 fffffff9 00000000 00000000 00000000
004 00B000000000 00000000 00000000 00000000 00000000 fffffffc 00000000 00000000 00000007 0000000f 00000008 00000002 00000004 00000000 00000000 00000000 00000000
005 027A1B004000 00000000 00000004 00000000 00000000 fffffffc 00000000 00000000 00000007 0000000f 00000008 00000002 00000000 00000000 00000000 00000000 00000000
006 104170100000 00000000 00000100 00000000 00000000 fffffffc 00000000 00000000 00000008 0000000f 00000008 00000002 00000000 00000000 00000000 00000000 00000000
007 028B16004000 00000000 00000004 00000000 00000000 fffffffc 00000000 00000000 00000008 0000000f 00000008 00000002 00000000 00000000 00000000 00000000 00000000
008 105180110000 00000000 00000110 00000000 00000000 fffffffc 00000000 00000000 00000008 00000000 00000008 00000002 00000000 00000000 00000000 00000000 00000000
009 02C45C000000 00000000 00000000 00000000 00000000 fffffffc 00000002 00000000 00000008 00000000 00000008 00000002 00000000 00000000 00000000 00000000 00000000
00A 00BB10001000 00000000 00000001 00000000 00000000 fffffffc 00000002 00000000 00000008 00000000 00000008 00000002 00000000 fffffff8 00000000 00000000 00000000
00B 0A0B12004005 00000000 00000004 00000005 00000000 fffffffc 00000002 00000000 00000008 00000000 00000008 00000002 00000001 fffffff8 00000000 00000000 00000000
005 027A1B004000 00000000 00000004 00000000 00000000 fffffffc 00000002 00000000 00000008 00000000 00000008 00000002 00000001 fffffff8 00000000 00000000 00000000
006 104170100000 00000000 00000100 00000000 00000000 fffffffc 00000002 00000000 00000009 00000000 00000008 00000002 00000001 fffffff8 00000000 00000000 00000000
007 028B16004000 00000000 00000004 00000000 00000000 fffffffd 00000002 00000000 00000009 00000000 00000008 00000002 00000001 fffffff8 00000000 00000000 00000000
008 105180110000 00000000 00000110 00000000 00000000 fffffffd 00000002 00000000 00000009 00000004 00000008 00000002 00000001 fffffff8 00000000 00000000 00000000
009 02C45C000000 00000000 00000000 00000000 00000000 fffffffd 00000000 00000000 00000009 00000004 00000008 00000002 00000001 fffffff8 00000000 00000000 00000000
00A 00BB10001000 00000000 00000001 00000000 00000000 fffffffd 00000000 00000000 00000009 00000004 00000008 00000002 00000001 fffffff8 00000000 00000000 00000000
00B 0A0B12004005 00000000 00000004 00000005 00000000 fffffffd 00000000 00000000 00000009 00000004 00000008 00000002 00000002 fffffff8 00000000 00000000 00000000
005 027A1B004000 00000000 00000004 00000000 00000000 fffffffd 00000000 00000000 00000009 00000004 00000008 00000002 00000002 fffffff8 00000000 00000000 00000000
006 104170100000 00000000 00000100 00000000 00000000 fffffffd 00000000 00000000 0000000a 00000004 00000008 00000002 00000002 fffffff8 00000000 00000000 00000000
007 028B16004000 00000000 00000004 00000000 00000000 fffffffe 00000000 00000000 0000000a 00000004 00000008 00000002 00000002 fffffff8 00000000 00000000 00000000
008 105180110000 00000000 00000110 00000000 00000000 fffffffe 00000000 00000000 0000000a 00000008 00000008 00000002 00000002 fffffff8 00000000 00000000 00000000
009 02C45C000000 00000000 00000000 00000000 00000000 fffffffe fffffffc 00000000 0000000a 00000008 00000008 00000002 00000002 fffffff8 00000000 00000000 00000000
00A 00BB10001000 00000000 00000001 00000000 00000000 fffffffe fffffffc 00000000 0000000a 00000008 00000008 00000002 00000002 00000000 00000000 00000000 00000000
00B 0A0B12004005 00000000 00000004 00000005 00000000 fffffffe fffffffc 00000000 0000000a 00000008 00000008 00000002 00000003 00000000 00000000 00000000 00000000
005 027A1B004000 00000000 00000004 00000000 00000000 fffffffe fffffffc 00000000 0000000a 00000008 00000008 00000002 00000003 00000000 00000000 00000000 00000000
006 104170100000 00000000 00000100 00000000 00000000 fffffffe fffffffc 00000000 0000000b 00000008 00000008 00000002 00000003 00000000 00000000 00000000 00000000
007 028B16004000 00000000 00000004 00000000 00000000 ffffffff fffffffc 00000000 0000000b 00000008 00000008 00000002 00000003 00000000 00000000 00000000 00000000
008 105180110000 00000000 00000110 00000000 00000000 ffffffff fffffffc 00000000 0000000b 0000000c 00000008 00000002 00000003 00000000 00000000 00000000 00000000
009 02C45C000000 00000000 00000000 00000000 00000000 ffffffff 00000000 00000000 0000000b 0000000c 00000008 00000002 00000003 00000000 00000000 00000000 00000000
00A 00BB10001000 00000000 00000001 00000000 00000000 ffffffff 00000000 00000000 0000000b 0000000c 00000008 00000002 00000003 00000000 00000000 00000000 00000000
00B 0A0B12004005 00000000 00000004 00000005 00000000 ffffffff 00000000 00000000 0000000b 0000000c 00000008 00000002 00000004 00000000 00000000 00000000 00000000
00C 11C910120000 00000000 00000120 00000000 00000000 ffffffff 00000000 00000000 0000000b 0000000c 00000008 00000002 00000004 00000000 00000000 00000000 00000000
00D 009290000001 00000000 00000000 00000001 00000000 ffffffff 00000000 00000000 0000000b 0000000c 00000008 00000002 00000004 00000000 00000000 00000000 00000000
00E 006260000001 00000000 00000000 00000001 00000000 ffffffff 00000000 00000000 0000000b 0000000c 00000009 00000002 00000004 00000000 00000000 00000000 00000000
00F 0A0612004003 00000000 00000004 00000003 00000000 ffffffff 00000000 00000001 0000000b 0000000c 00000009 00000002 00000004 00000000 00000000 00000000 00000000
003 00C000000000 00000000 00000000 00000000 00000000 ffffffff 00000000 00000001 0000000b 0000000c 00000009 00000002 00000004 00000000 00000000 00000000 00000000
004 00B000000000 00000000 00000000 00000000 00000000 ffffffff 00000000 00000001 0000000b 0000000c 00000009 00000002 00000004 00000000 00000000 00000000 00000000
005 027A1B004000 00000000 00000004 00000000 00000000 ffffffff 00000000 00000001 0000000b 0000000c 00000009 00000002 00000000 00000000 00000000 00000000 00000000
006 104170100000 00000000 00000100 00000000 00000000 ffffffff 00000000 00000001 00000008 0000000c 00000009 00000002 00000000 00000000 00000000 00000000 00000000
007 028B16004000 00000000 00000004 00000000 00000000 fffffffc 00000000 00000001 00000008 0000000c 00000009 00000002 00000000 00000000 00000000 00000000 00000000
008 105180110000 00000000 00000110 00000000 00000000 fffffffc 00000000 00000001 00000008 00000001 00000009 00000002 00000000 00000000 00000000 00000000 00000000
009 02C45C000000 00000000 00000000 00000000 00000000 fffffffc 00000002 00000001 00000008 00000001 00000009 00000002 00000000 00000000 00000000 00000000 00000000
00A 00BB10001000 00000000 00000001 00000000 00000000 fffffffc 00000002 00000001 00000008 00000001 00000009 00000002 00000000 fffffff8 00000000 00000000 00000000
00B 0A0B12004005 00000000 00000004 00000005 00000000 fffffffc 00000002 00000001 00000008 00000001 00000009 00000002 00000001 fffffff8 00000000 00000000 00000000
005 027A1B004000 00000000 00000004 00000000 00000000 fffffffc 00000002 00000001 00000008 00000001 00000009 00000002 00000001 fffffff8 00000000 00000000 00000000
006 104170100000 00000000 00000100 00000000 00000000 fffffffc 00000002 00000001 00000009 00000001 00000009 00000002 00000001 fffffff8 00000000 00000000 00000000
007 028B16004000 00000000 00000004 00000000 00000000 fffffffd 00000002 00000001 00000009 00000001 00000009 00000002 00000001 fffffff8 00000000 00000000 00000000
008 105180110000 00000000 00000110 00000000 00000000 fffffffd 00000002 00000001 00000009 00000005 00000009 00000002 00000001 fffffff8 00000000 00000000 00000000
009 02C45C000000 00000000 00000000 00000000 00000000 fffffffd 00000001 00000001 00000009 00000005 00000009 00000002 00000001 fffffff8 00000000 00000000 00000000
00A 00BB10001000 00000000 00000001 00000000 00000000 fffffffd 00000001 00000001 00000009 00000005 00000009 00000002 00000001 fffffff5 00000000 00000000 00000000
00B 0A0B12004005 00000000 00000004 00000005 00000000 fffffffd 00000001 00000001 00000009 00000005 00000009 00000002 00000002 fffffff5 00000000 00000000 00000000
005 027A1B004000 00000000 00000004 00000000 00000000 fffffffd 00000001 00000001 00000009 00000005 00000009 00000002 00000002 fffffff5 00000000 00000000 00000000
006 104170100000 00000000 00000100 00000000 00000000 fffffffd 00000001 00000001 0000000a 00000005 00000009 00000002 00000002 fffffff5 00000000 00000000 00000000
007 028B16004000 00000000 00000004 00000000 00000000 fffffffe 00000001 00000001 0000000a 00000005 00000009 00000002 00000002 fffffff5 00000000 00000000 00000000
008 105180110000 00000000 00000110 00000000 00000000 fffffffe 00000001 00000001 0000000a 00000009 00000009 00000002 00000002 fffffff5 00000000 00000000 00000000
009 02C45C000000 00000000 00000000 00000000 00000000 fffffffe 00000003 00000001 0000000a 00000009 00000009 00000002 00000002 fffffff5 00000000 00000000 00000000
00A 00BB10001000 00000000 00000001 00000000 00000000 fffffffe 00000003 00000001 0000000a 00000009 00000009 00000002 00000002 ffffffef 00000000 00000000 00000000
00B 0A0B12004005 00000000 00000004 00000005 00000000 fffffffe 00000003 00000001 0000000a 00000009 00000009 00000002 00000003 ffffffef 00000000 00000000 00000000
005 027A1B004000 00000000 00000004 00000000 00000000 fffffffe 00000003 00000001 0000000a 00000009 00000009 00000002 00000003 ffffffef 00000000 00000000 00000000
006 104170100000 00000000 00000100 00000000 00000000 fffffffe 00000003 00000001 0000000b 00000009 00000009 00000002 00000003 ffffffef 00000000 00000000 00000000
007 028B16004000 00000000 00000004 00000000 00000000 ffffffff 00000003 00000001 0000000b 00000009 00000009 00000002 00000003 ffffffef 00000000 00000000 00000000
008 105180110000 00000000 00000110 00000000 00000000 ffffffff 00000003 00000001 0000000b 0000000d 00000009 00000002 00000003 ffffffef 00000000 00000000 00000000
009 02C45C000000 00000000 00000000 00000000 00000000 ffffffff 00000005 00000001 0000000b 0000000d 00000009 00000002 00000003 ffffffef 00000000 00000000 00000000
00A 00BB10001000 00000000 00000001 00000000 00000000 ffffffff 00000005 00000001 0000000b 0000000d 00000009 00000002 00000003 ffffffea 00000000 00000000 00000000
00B 0A0B12004005 00000000 00000004 00000005 00000000 ffffffff 00000005 00000001 0000000b 0000000d 00000009 00000002 00000004 ffffffea 00000000 00000000 00000000
00C 11C910120000 00000000 00000120 00000000 00000000 ffffffff 00000005 00000001 0000000b 0000000d 00000009 00000002 00000004 ffffffea 00000000 00000000 00000000
00D 009290000001 00000000 00000000 00000001 00000000 ffffffff 00000005 00000001 0000000b 0000000d 00000009 00000002 00000004 ffffffea 00000000 00000000 00000000
00E 006260000001 00000000 00000000 00000001 00000000 ffffffff 00000005 00000001 0000000b 0000000d 0000000a 00000002 00000004 ffffffea 00000000 00000000 00000000
00F 0A0612004003 00000000 00000004 00000003 00000000 ffffffff 00000005 00000002 0000000b 0000000d 0000000a 00000002 00000004 ffffffea 00000000 00000000 00000000
003 00C000000000 00000000 00000000 00000000 00000000 ffffffff 00000005 00000002 0000000b 0000000d 0000000a 00000002 00000004 ffffffea 00000000 00000000 00000000
004 00B000000000 00000000 00000000 00000000 00000000 ffffffff 00000005 00000002 0000000b 0000000d 0000000a 00000002 00000004 00000000 00000000 00000000 00000000
005 027A1B004000 00000000 00000004 00000000 00000000 ffffffff 00000005 00000002 0000000b 0000000d 0000000a 00000002 00000000 00000000 00000000 00000000 00000000
006 104170100000 00000000 00000100 00000000 00000000 ffffffff 00000005 00000002 00000008 0000000d 0000000a 00000002 00000000 00000000 00000000 00000000 00000000
007 028B16004000 00000000 00000004 00000000 00000000 fffffffc 00000005 00000002 00000008 0000000d 0000000a 00000002 00000000 00000000 00000000 00000000 00000000
008 105180110000 00000000 00000110 00000000 00000000 fffffffc 00000005 00000002 00000008 00000002 0000000a 00000002 00000000 00000000 00000000 00000000 00000000
009 02C45C000000 00000000 00000000 00000000 00000000 fffffffc 00000002 00000002 00000008 00000002 0000000a 00000002 00000000 00000000 00000000 00000000 00000000
00A 00BB10001000 00000000 00000001 00000000 00000000 fffffffc 00000002 00000002 00000008 00000002 0000000a 00000002 00000000 fffffff8 00000000 00000000 00000000
00B 0A0B12004005 00000000 00000004 00000005 00000000 fffffffc 00000002 00000002 00000008 00000002 0000000a 00000002 00000001 fffffff8 00000000 00000000 00000000
005 027A1B004000 00000000 00000004 00000000 00000000 fffffffc 00000002 00000002 00000008 00000002 0000000a 00000002 00000001 fffffff8 00000000 00000000 00000000
006 104170100000 00000000 00000100 00000000 00000000 fffffffc 00000002 00000002 00000009 00000002 0000000a 00000002 00000001 fffffff8 00000000 00000000 00000000
007 028B16004000 00000000 00000004 00000000 00000000 fffffffd 00000002 00000002 00000009 00000002 0000000a 00000002 00000001 fffffff8 00000000 00000000 00000000
008 105180110000 00000000 00000110 00000000 00000000 fffffffd 00000002 00000002 00000009 00000006 0000000a 00000002 00000001 fffffff8 00000000 00000000 00000000
009 02C45C000000 00000000 00000000 00000000 00000000 fffffffd 00000000 00000002 00000009 00000006 0000000a 00000002 00000001 fffffff8 00000000 00000000 00000000
00A 00BB10001000 00000000 00000001 00000000 00000000 fffffffd 00000000 00000002 00000009 00000006 0000000a 00000002 00000001 fffffff8 00000000 00000000 00000000
00B 0A0B12004005 00000000 00000004 00000005 00000000 fffffffd 00000000 00000002 00000009 00000006 0000000a 00000002 00000002 fffffff8 00000000 00000000 00000000
005 027A1B004000 00000000 00000004 00000000 00000000 fffffffd 00000000 00000002 00000009 00000006 0000000a 00000002 00000002 fffffff8 00000000 00000000 00000000
006 104170100000 00000000 00000100 00000000 00000000 fffffffd 00000000 00000002 0000000a 00000006 0000000a 00000002 00000002 fffffff8 00000000 00000000 00000000
007 028B16004000 00000000 00000004 00000000 00000000 fffffffe 00000000 00000002 0000000a 00000006 0000000a 00000002 00000002 fffffff8 00000000 00000000 00000000
008 105180110000 00000000 00000110 00000000 00000000 fffffffe 00000000 00000002 0000000a 0000000a 0000000a 00000002 00000002 fffffff8 00000000 00000000 00000000
009 02C45C000000 00000000 00000000 00000000 00000000 fffffffe fffffffe 00000002 0000000a 0000000a 0000000a 00000002 00000002 fffffff8 00000000 00000000 00000000
00A 00BB10001000 00000000 00000001 00000000 00000000 fffffffe fffffffe 00000002 0000000a 0000000a 0000000a 00000002 00000002 fffffffc 00000000 00000000 00000000
00B 0A0B12004005 00000000 00000004 00000005 00000000 fffffffe fffffffe 00000002 0000000a 0000000a 0000000a 00000002 00000003 fffffffc 00000000 00000000 00000000
005 027A1B004000 00000000 00000004 00000000 00000000 fffffffe fffffffe 00000002 0000000a 0000000a 0000000a 00000002 00000003 fffffffc 00000000 00000000 00000000
006 104170100000 00000000 00000100 00000000 00000000 fffffffe fffffffe 00000002 0000000b 0000000a 0000000a 00000002 00000003 fffffffc 00000000 00000000 00000000
007 028B16004000 00000000 00000004 00000000 00000000 ffffffff fffffffe 00000002 0000000b 0000000a 0000000a 00000002 00000003 fffffffc 00000000 00000000 00000000
008 105180110000 00000000 00000110 00000000 00000000 ffffffff fffffffe 00000002 0000000b 0000000e 0000000a 00000002 00000003 fffffffc 00000000 00000000 00000000
009 02C45C000000 00000000 00000000 00000000 00000000 ffffffff 00000006 00000002 0000000b 0000000e 0000000a 00000002 00000003 fffffffc 00000000 00000000 00000000
00A 00BB10001000 00000000 00000001 00000000 00000000 ffffffff 00000006 00000002 0000000b 0000000e 0000000a 00000002 00000003 fffffff6 00000000 00000000 00000000
00B 0A0B12004005 00000000 00000004 00000005 00000000 ffffffff 00000006 00000002 0000000b 0000000e 0000000a 00000002 00000004 fffffff6 00000000 00000000 00000000
00C 11C910120000 00000000 00000120 00000000 00000000 ffffffff 00000006 00000002 0000000b 0000000e 0000000a 00000002 00000004 fffffff6 00000000 00000000 00000000
00D 009290000001 00000000 00000000 00000001 00000000 ffffffff 00000006 00000002 0000000b 0000000e 0000000a 00000002 00000004 fffffff6 00000000 00000000 00000000
00E 006260000001 00000000 00000000 00000001 00000000 ffffffff 00000006 00000002 0000000b 0000000e 0000000b 00000002 00000004 fffffff6 00000000 00000000 00000000
00F 0A0612004003 00000000 00000004 00000003 00000000 ffffffff 00000006 00000003 0000000b 0000000e 0000000b 00000002 00000004 fffffff6 00000000 00000000 00000000
003 00C000000000 00000000 00000000 00000000 00000000 ffffffff 00000006 00000003 0000000b 0000000e 0000000b 00000002 00000004 fffffff6 00000000 00000000 00000000
004 00B000000000 00000000 00000000 00000000 00000000 ffffffff 00000006 00000003 0000000b 0000000e 0000000b 00000002 00000004 00000000 00000000 00000000 00000000
005 027A1B004000 00000000 00000004 00000000 00000000 ffffffff 00000006 00000003 0000000b 0000000e 0000000b 00000002 00000000 00000000 00000000 00000000 00000000
006 104170100000 00000000 00000100 00000000 00000000 ffffffff 00000006 00000003 00000008 0000000e 0000000b 00000002 00000000 00000000 00000000 00000000 00000000
007 028B16004000 00000000 00000004 00000000 00000000 fffffffc 00000006 00000003 00000008 0000000e 0000000b 00000002 00000000 00000000 00000000 00000000 00000000
008 105180110000 00000000 00000110 00000000 00000000 fffffffc 00000006 00000003 00000008 00000003 0000000b 00000002 00000000 00000000 00000000 00000000 00000000
009 02C45C000000 00000000 00000000 00000000 00000000 fffffffc 00000002 00000003 00000008 00000003 0000000b 00000002 00000000 00000000 00000000 00000000 00000000
00A 00BB10001000 00000000 00000001 00000000 00000000 fffffffc 00000002 00000003 00000008 00000003 0000000b 00000002 00000000 fffffff8 00000000 00000000 00000000
00B 0A0B12004005 00000000 00000004 00000005 00000000 fffffffc 00000002 00000003 00000008 00000003 0000000b 00000002 00000001 fffffff8 00000000 00000000 00000000
005 027A1B004000 00000000 00000004 00000000 00000000 fffffffc 00000002 00000003 00000008 00000003 0000000b 00000002 00000001 fffffff8 00000000 00000000 00000000
006 104170100000 00000000 00000100 00000000 00000000 fffffffc 00000002 00000003 00000009 00000003 0000000b 00000002 00000001 fffffff8 00000000 00000000 00000000
007 028B16004000 00000000 00000004 00000000 00000000 fffffffd 00000002 00000003 00000009 00000003 0000000b 00000002 00000001 fffffff8 00000000 00000000 00000000
008 105180110000 00000000 00000110 00000000 00000000 fffffffd 00000002 00000003 00000009 00000007 0000000b 00000002 00000001 fffffff8 00000000 00000000 00000000
009 02C45C000000 00000000 00000000 00000000 00000000 fffffffd 00000001 00000003 00000009 00000007 0000000b 00000002 00000001 fffffff8 00000000 00000000 00000000
00A 00BB10001000 00000000 00000001 00000000 00000000 fffffffd 00000001 00000003 00000009 00000007 0000000b 00000002 00000001 fffffff5 00000000 00000000 00000000
00B 0A0B12004005 00000000 00000004 00000005 00000000 fffffffd 00000001 00000003 00000009 00000007 0000000b 00000002 00000002 fffffff5 00000000 00000000 00000000
005 027A1B004000 00000000 00000004 00000000 00000000 fffffffd 00000001 00000003 00000009 00000007 0000000b 00000002 00000002 fffffff5 00000000 00000000 00000000
006 104170100000 00000000 00000100 00000000 00000000 fffffffd 00000001 00000003 0000000a 00000007 0000000b 00000002 00000002 fffffff5 00000000 00000000 00000000
007 028B16004000 00000000 00000004 00000000 00000000 fffffffe 00000001 00000003 0000000a 00000007 0000000b 00000002 00000002 fffffff5 00000000 00000000 00000000
008 105180110000 00000000 00000110 00000000 00000000 fffffffe 00000001 00000003 0000000a 0000000b 0000000b 00000002 00000002 fffffff5 00000000 00000000 00000000
009 02C45C000000 00000000 00000000 00000000 00000000 fffffffe 00000001 00000003 0000000a 0000000b 0000000b 00000002 00000002 fffffff5 00000000 00000000 00000000
00A 00BB10001000 00000000 00000001 00000000 00000000 fffffffe 00000001 00000003 0000000a 0000000b 0000000b 00000002 00000002 fffffff3 00000000 00000000 00000000
00B 0A0B12004005 00000000 00000004 00000005 00000000 fffffffe 00000001 00000003 0000000a 0000000b 0000000b 00000002 00000003 fffffff3 00000000 00000000 00000000
005 027A1B004000 00000000 00000004 00000000 00000000 fffffffe 00000001 00000003 0000000a 0000000b 0000000b 00000002 00000003 fffffff3 00000000 00000000 00000000
006 104170100000 00000000 00000100 00000000 00000000 fffffffe 00000001 00000003 0000000b 0000000b 0000000b 00000002 00000003 fffffff3 00000000 00000000 00000000
007 028B16004000 00000000 00000004 00000000 00000000 ffffffff 00000001 00000003 0000000b 0000000b 0000000b 00000002 00000003 fffffff3 00000000 00000000 00000000
008 105180110000 00000000 00000110 00000000 00000000 ffffffff 00000001 00000003 0000000b 0000000f 0000000b 00000002 00000003 fffffff3 00000000 00000000 00000000
009 02C45C000000 00000000 00000000 00000000 00000000 ffffffff 00000000 00000003 0000000b 0000000f 0000000b 00000002 00000003 fffffff3 00000000 00000000 00000000
00A 00BB10001000 00000000 00000001 00000000 00000000 ffffffff 00000000 00000003 0000000b 0000000f 0000000b 00000002 00000003 fffffff3 00000000 00000000 00000000
00B 0A0B12004005 00000000 00000004 00000005 00000000 ffffffff 00000000 00000003 0000000b 0000000f 0000000b 00000002 00000004 fffffff3 00000000 00000000 00000000
00C 11C910120000 00000000 00000120 00000000 00000000 ffffffff 00000000 00000003 0000000b 0000000f 0000000b 00000002 00000004 fffffff3 00000000 00000000 00000000
00D 009290000001 00000000 00000000 00000001 00000000 ffffffff 00000000 00000003 0000000b 0000000f 0000000b 00000002 00000004 fffffff3 00000000 00000000 00000000
00E 006260000001 00000000 00000000 00000001 00000000 ffffffff 00000000 00000003 0000000b 0000000f 0000000c 00000002 00000004 fffffff3 00000000 00000000 00000000
00F 0A0612004003 00000000 00000004 00000003 00000000 ffffffff 00000000 00000004 0000000b 0000000f 0000000c 00000002 00000004 fffffff3 00000000 00000000 00000000
010 00AA10001000 00000000 00000001 00000000 00000000 ffffffff 00000000 00000004 0000000b 0000000f 0000000c 00000002 00000004 fffffff3 00000000 00000000 00000000
011 0A0A12004002 00000000 00000004 00000002 00000000 ffffffff 00000000 00000004 0000000b 0000000f 0000000c 00000003 00000004 fffffff3 00000000 00000000 00000000
002 006000000000 00000000 00000000 00000000 00000000 ffffffff 00000000 00000004 0000000b 0000000f 0000000c 00000003 00000004 fffffff3 00000000 00000000 00000000
003 00C000000000 00000000 00000000 00000000 00000000 ffffffff 00000000 00000000 0000000b 0000000f 0000000c 00000003 00000004 fffffff3 00000000 00000000 00000000
004 00B000000000 00000000 00000000 00000000 00000000 ffffffff 00000000 00000000 0000000b 0000000f 0000000c 00000003 00000004 00000000 00000000 00000000 00000000
005 027A1B004000 00000000 00000004 00000000 00000000 ffffffff 00000000 00000000 0000000b 0000000f 0000000c 00000003 00000000 00000000 00000000 00000000 00000000
006 104170100000 00000000 00000100 00000000 00000000 ffffffff 00000000 00000000 0000000c 0000000f 0000000c 00000003 00000000 00000000 00000000 00000000 00000000
007 028B16004000 00000000 00000004 00000000 00000000 00000004 00000000 00000000 0000000c 0000000f 0000000c 00000003 00000000 00000000 00000000 00000000 00000000
008 105180110000 00000000 00000110 00000000 00000000 00000004 00000000 00000000 0000000c 00000000 0000000c 00000003 00000000 00000000 00000000 00000000 00000000
009 02C45C000000 00000000 00000000 00000000 00000000 00000004 00000002 00000000 0000000c 00000000 0000000c 00000003 00000000 00000000 00000000 00000000 00000000
00A 00BB10001000 00000000 00000001 00000000 00000000 00000004 00000002 00000000 0000000c 00000000 0000000c 00000003 00000000 00000008 00000000 00000000 00000000
00B 0A0B12004005 00000000 00000004 00000005 00000000 00000004 00000002 00000000 0000000c 00000000 0000000c 00000003 00000001 00000008 00000000 00000000 00000000
005 027A1B004000 00000000 00000004 00000000 00000000 00000004 00000002 00000000 0000000c 00000000 0000000c 00000003 00000001 00000008 00000000 00000000 00000000
006 104170100000 00000000 00000100 00000000 00000000 00000004 00000002 00000000 0000000d 00000000 0000000c 00000003 00000001 00000008 00000000 00000000 00000000
007 028B16004000 00000000 00000004 00000000 00000000 00000003 00000002 00000000 0000000d 00000000 0000000c 00000003 00000001 00000008 00000000 00000000 00000000
008 105180110000 00000000 00000110 00000000 00000000 00000003 00000002 00000000 0000000d 00000004 0000000c 00000003 00000001 00000008 00000000 00000000 00000000
009 02C45C000000 00000000 00000000 00000000 00000000 00000003 00000000 00000000 0000000d 00000004 0000000c 00000003 00000001 00000008 00000000 00000000 00000000
00A 00BB10001000 00000000 00000001 00000000 00000000 00000003 00000000 00000000 0000000d 00000004 0000000c 00000003 00000001 00000008 00000000 00000000 00000000
00B 0A0B12004005 00000000 00000004 00000005 00000000 00000003 00000000 00000000 0000000d 00000004 0000000c 00000003 00000002 00000008 00000000 00000000 00000000
005 027A1B004000 00000000 00000004 00000000 00000000 00000003 00000000 00000000 0000000d 00000004 0000000c 00000003 00000002 00000008 00000000 00000000 00000000
006 104170100000 00000000 00000100 00000000 00000000 00000003 00000000 00000000 0000000e 00000004 0000000c 00000003 00000002 00000008 00000000 00000000 00000000
007 028B16004000 00000000 00000004 00000000 00000000 00000002 00000000 00000000 0000000e 00000004 0000000c 00000003 00000002 00000008 00000000 00000000 00000000
008 105180110000 00000000 00000110 00000000 00000000 00000002 00000000 00000000 0000000e 00000008 0000000c 00000003 00000002 00000008 00000000 00000000 00000000
009 02C45C000000 00000000 00000000 00000000 00000000 00000002 fffffffc 00000000 0000000e 00000008 0000000c 00000003 00000002 00000008 00000000 00000000 00000000
00A 00BB10001000 00000000 00000001 00000000 00000000 00000002 fffffffc 00000000 0000000e 00000008 0000000c 00000003 00000002 00000000 00000000 00000000 00000000
00B 0A0B12004005 00000000 00000004 00000005 00000000 00000002 fffffffc 00000000 0000000e 00000008 0000000c 00000003 00000003 00000000 00000000 00000000 00000000
005 027A1B004000 00000000 00000004 00000000 00000000 00000002 fffffffc 00000000 0000000e 00000008 0000000c 00000003 00000003 00000000 00000000 00000000 00000000
006 104170100000 00000000 00000100 00000000 00000000 00000002 fffffffc 00000000 0000000f 00000008 0000000c 00000003 00000003 00000000 00000000 00000000 00000000
007 028B16004000 00000000 00000004 00000000 00000000 00000001 fffffffc 00000000 0000000f 00000008 0000000c 00000003 00000003 00000000 00000000 00000000 00000000
008 105180110000 00000000 00000110 00000000 00000000 00000001 fffffffc 00000000 0000000f 0000000c 0000000c 00000003 00000003 00000000 00000000 00000000 00000000
009 02C45C000000 00000000 00000000 00000000 00000000 00000001 00000000 00000000 0000000f 0000000c 0000000c 00000003 00000003 00000000 00000000 00000000 00000000
00A 00BB10001000 00000000 00000001 00000000 00000000 00000001 00000000 00000000 0000000f 0000000c 0000000c 00000003 00000003 00000000 00000000 00000000 00000000
00B 0A0B12004005 00000000 00000004 00000005 00000000 00000001 00000000 00000000 0000000f 0000000c 0000000c 00000003 00000004 00000000 00000000 00000000 00000000
00C 11C910120000 00000000 00000120 00000000 00000000 00000001 00000000 00000000 0000000f 0000000c 0000000c 00000003 00000004 00000000 00000000 00000000 00000000
00D 009290000001 00000000 00000000 00000001 00000000 00000001 00000000 00000000 0000000f 0000000c 0000000c 00000003 00000004 00000000 00000000 00000000 00000000
00E 006260000001 00000000 00000000 00000001 00000000 00000001 00000000 00000000 0000000f 0000000c 0000000d 00000003 00000004 00000000 00000000 00000000 00000000
00F 0A0612004003 00000000 00000004 00000003 00000000 00000001 00000000 00000001 0000000f 0000000c 0000000d 00000003 00000004 00000000 00000000 00000000 00000000
003 00C000000000 00000000 00000000 00000000 00000000 00000001 00000000 00000001 0000000f 0000000c 0000000d 00000003 00000004 00000000 00000000 00000000 00000000
004 00B000000000 00000000 00000000 00000000 00000000 00000001 00000000 00000001 0000000f 0000000c 0000000d 00000003 00000004 00000000 00000000 00000000 00000000
005 027A1B004000 00000000 00000004 00000000 00000000 00000001 00000000 00000001 0000000f 0000000c 0000000d 00000003 00000000 00000000 00000000 00000000 00000000
006 104170100000 00000000 00000100 00000000 00000000 00000001 00000000 00000001 0000000c 0000000c 0000000d 00000003 00000000 00000000 00000000 00000000 00000000
007 028B16004000 00000000 00000004 00000000 00000000 00000004 00000000 00000001 0000000c 0000000c 0000000d 00000003 00000000 00000000 00000000 00000000 00000000
008 105180110000 00000000 00000110 00000000 00000000 00000004 00000000 00000001 0000000c 00000001 0000000d 00000003 00000000 00000000 00000000 00000000 00000000
009 02C45C000000 00000000 00000000 00000000 00000000 00000004 00000002 00000001 0000000c 00000001 0000000d 00000003 00000000 00000000 00000000 00000000 00000000
00A 00BB10001000 00000000 00000001 00000000 00000000 00000004 00000002 00000001 0000000c 00000001 0000000d 00000003 00000000 00000008 00000000 00000000 00000000
00B 0A0B12004005 00000000 00000004 00000005 00000000 00000004 00000002 00000001 0000000c 00000001 0000000d 00000003 00000001 00000008 00000000 00000000 00000000
005 027A1B004000 00000000 00000004 00000000 00000000 00000004 00000002 00000001 0000000c 00000001 0000000d 00000003 00000001 00000008 00000000 00000000 00000000
006 104170100000 00000000 00000100 00000000 00000000 00000004 00000002 00000001 0000000d 00000001 0000000d 00000003 00000001 00000008 00000000 00000000 00000000
007 028B16004000 00000000 00000004 00000000 00000000 00000003 00000002 00000001 0000000d 00000001 0000000d 00000003 00000001 00000008 00000000 00000000 00000000
008 105180110000 00000000 00000110 00000000 00000000 00000003 00000002 00000001 0000000d 00000005 0000000d 00000003 00000001 00000008 00000000 00000000 00000000
009 02C45C000000 00000000 00000000 00000000 00000000 00000003 00000001 00000001 0000000d 00000005 0000000d 00000003 00000001 00000008 00000000 00000000 00000000
00A 00BB10001000 00000000 00000001 00000000 00000000 00000003 00000001 00000001 0000000d 00000005 0000000d 00000003 00000001 0000000b 00000000 00000000 00000000
00B 0A0B12004005 00000000 00000004 00000005 00000000 00000003 00000001 00000001 0000000d 00000005 0000000d 00000003 00000002 0000000b 00000000 00000000 00000000
005 027A1B004000 00000000 00000004 00000000 00000000 00000003 00000001 00000001 0000000d 00000005 0000000d 00000003 00000002 0000000b 00000000 00000000 00000000
006 104170100000 00000000 00000100 00000000 00000000 00000003 00000001 00000001 0000000e 00000005 0000000d 00000003 00000002 0000000b 00000000 00000000 00000000
007 028B16004000 00000000 00000004 00000000 00000000 00000002 00000001 00000001 0000000e 00000005 0000000d 00000003 00000002 0000000b 00000000 00000000 00000000
008 105180110000 00000000 00000110 00000000 00000000 00000002 00000001 00000001 0000000e 00000009 0000000d 00000003 00000002 0000000b 00000000 00000000 00000000
009 02C45C000000 00000000 00000000 00000000 00000000 00000002 00000003 00000001 0000000e 00000009 0000000d 00000003 00000002 0000000b 00000000 00000000 00000000
00A 00BB10001000 00000000 00000001 00000000 00000000 00000002 00000003 00000001 0000000e 00000009 0000000d 00000003 00000002 00000011 00000000 00000000 00000000
00B 0A0B12004005 00000000 00000004 00000005 00000000 00000002 00000003 00000001 0000000e 00000009 0000000d 00000003 00000003 00000011 00000000 00000000 00000000
005 027A1B004000 00000000 00000004 00000000 00000000 00000002 00000003 00000001 0000000e 00000009 0000000d 00000003 00000003 00000011 00000000 00000000 00000000
006 104170100000 00000000 00000100 00000000 00000000 00000002 00000003 00000001 0000000f 00000009 0000000d 00000003 00000003 00000011 00000000 00000000 00000000
007 028B16004000 00000000 00000004 00000000 00000000 00000001 00000003 00000001 0000000f 00000009 0000000d 00000003 00000003 00000011 00000000 00000000 00000000
008 105180110000 00000000 00000110 00000000 00000000 00000001 00000003 00000001 0000000f 0000000d 0000000d 00000003 00000003 00000011 00000000 00000000 00000000
009 02C45C000000 00000000 00000000 00000000 00000000 00000001 00000005 00000001 0000000f 0000000d 0000000d 00000003 00000003 00000011 00000000 00000000 00000000
00A 00BB10001000 00000000 00000001 00000000 00000000 00000001 00000005 00000001 0000000f 0000000d 0000000d 00000003 00000003 00000016 00000000 00000000 00000000
00B 0A0B12004005 00000000 00000004 00000005 00000000 00000001 00000005 00000001 0000000f 0000000d 0000000d 00000003 00000004 00000016 00000000 00000000 00000000
00C 11C910120000 00000000 00000120 00000000 00000000 00000001 00000005 00000001 0000000f 0000000d 0000000d 00000003 00000004 00000016 00000000 00000000 00000000
00D 009290000001 00000000 00000000 00000001 00000000 00000001 00000005 00000001 0000000f 0000000d 0000000d 00000003 00000004 00000016 00000000 00000000 00000000
00E 006260000001 00000000 00000000 00000001 00000000 00000001 00000005 00000001 0000000f 0000000d 0000000e 00000003 00000004 00000016 00000000 00000000 00000000
00F 0A0612004003 00000000 00000004 00000003 00000000 00000001 00000005 00000002 0000000f 0000000d 0000000e 00000003 00000004 00000016 00000000 00000000 00000000
003 00C000000000 00000000 00000000 00000000 00000000 00000001 00000005 00000002 0000000f 0000000d 0000000e 00000003 00000004 00000016 00000000 00000000 00000000
004 00B000000000 00000000 00000000 00000000 00000000 00000001 00000005 00000002 0000000f 0000000d 0000000e 00000003 00000004 00000000 00000000 00000000 00000000
005 027A1B004000 00000000 00000004 00000000 00000000 00000001 00000005 00000002 0000000f 0000000d 0000000e 00000003 00000000 00000000 00000000 00000000 00000000
006 104170100000 00000000 00000100 00000000 00000000 00000001 00000005 00000002 0000000c 0000000d 0000000e 00000003 00000000 00000000 00000000 00000000 00000000
007 028B16004000 00000000 00000004 00000000 00000000 00000004 00000005 00000002 0000000c 0000000d 0000000e 00000003 00000000 00000000 00000000 00000000 00000000
008 105180110000 00000000 00000110 00000000 00000000 00000004 00000005 00000002 0000000c 00000002 0000000e 00000003 00000000 00000000 00000000 00000000 00000000
009 02C45C000000 00000000 00000000 00000000 00000000 00000004 00000002 00000002 0000000c 00000002 0000000e 00000003 00000000 00000000 00000000 00000000 00000000
00A 00BB10001000 00000000 00000001 00000000 00000000 00000004 00000002 00000002 0000000c 00000002 0000000e 00000003 00000000 00000008 00000000 00000000 00000000
00B 0A0B12004005 00000000 00000004 00000005 00000000 00000004 00000002 00000002 0000000c 00000002 0000000e 00000003 00000001 00000008 00000000 00000000 00000000
005 027A1B004000 00000000 00000004 00000000 00000000 00000004 00000002 00000002 0000000c 00000002 0000000e 00000003 00000001 00000008 00000000 00000000 00000000
006 104170100000 00000000 00000100 00000000 00000000 00000004 00000002 00000002 0000000d 00000002 0000000e 00000003 00000001 00000008 00000000 00000000 00000000
007 028B16004000 00000000 00000004 00000000 00000000 00000003 00000002 00000002 0000000d 00000002 0000000e 00000003 00000001 00000008 00000000 00000000 00000000
008 105180110000 00000000 00000110 00000000 00000000 00000003 00000002 00000002 0000000d 00000006 0000000e 00000003 00000001 00000008 00000000 00000000 00000000
009 02C45C000000 00000000 00000000 00000000 00000000 00000003 00000000 00000002 0000000d 00000006 0000000e 00000003 00000001 00000008 00000000 00000000 00000000
00A 00BB10001000 00000000 00000001 00000000 00000000 00000003 00000000 00000002 0000000d 00000006 0000000e 00000003 00000001 00000008 00000000 00000000 00000000
00B 0A0B12004005 00000000 00000004 00000005 00000000 00000003 00000000 00000002 0000000d 00000006 0000000e 00000003 00000002 00000008 00000000 00000000 00000000
005 027A1B004000 00000000 00000004 00000000 00000000 00000003 00000000 00000002 0000000d 00000006 0000000e 00000003 00000002 00000008 00000000 00000000 00000000
006 104170100000 00000000 00000100 00000000 00000000 00000003 00000000 00000002 0000000e 00000006 0000000e 00000003 00000002 00000008 00000000 00000000 00000000
007 028B16004000 00000000 00000004 00000000 00000000 00000002 00000000 00000002 0000000e 00000006 0000000e 00000003 00000002 00000008 00000000 00000000 00000000
008 105180110000 00000000 00000110 00000000 00000000 00000002 00000000 00000002 0000000e 0000000a 0000000e 00000003 00000002 00000008 00000000 00000000 00000000
009 02C45C000000 00000000 00000000 00000000 00000000 00000002 fffffffe 00000002 0000000e 0000000a 0000000e 00000003 00000002 00000008 00000000 00000000 00000000
00A 00BB10001000 00000000 00000001 00000000 00000000 00000002 fffffffe 00000002 0000000e 0000000a 0000000e 00000003 00000002 00000004 00000000 00000000 00000000
00B 0A0B12004005 00000000 00000004 00000005 00000000 00000002 fffffffe 00000002 0000000e 0000000a 0000000e 00000003 00000003 00000004 00000000 00000000 00000000
005 027A1B004000 00000000 00000004 00000000 00000000 00000002 fffffffe 00000002 0000000e 0000000a 0000000e 00000003 00000003 00000004 00000000 00000000 00000000
006 104170100000 00000000 00000100 00000000 00000000 00000002 fffffffe 00000002 0000000f 0000000a 0000000e 00000003 00000003 00000004 00000000 00000000 00000000
007 028B16004000 00000000 00000004 00000000 00000000 00000001 fffffffe 00000002 0000000f 0000000a 0000000e 00000003 00000003 00000004 00000000 00000000 00000000
008 105180110000 00000000 00000110 00000000 00000000 00000001 fffffffe 00000002 0000000f 0000000e 0000000e 00000003 00000003 00000004 00000000 00000000 00000000
009 02C45C000000 00000000 00000000 00000000 00000000 00000001 00000006 00000002 0000000f 0000000e 0000000e 00000003 00000003 00000004 00000000 00000000 00000000
00A 00BB10001000 00000000 00000001 00000000 00000000 00000001 00000006 00000002 0000000f 0000000e 0000000e 00000003 00000003 0000000a 00000000 00000000 00000000
00B 0A0B12004005 00000000 00000004 00000005 00000000 00000001 00000006 00000002 0000000f 0000000e 0000000e 00000003 00000004 0000000a 00000000 00000000 00000000
00C 11C910120000 00000000 00000120 00000000 00000000 00000001 00000006 00000002 0000000f 0000000e 0000000e 00000003 00000004 0000000a 00000000 00000000 00000000
00D 009290000001 00000000 00000000 00000001 00000000 00000001 00000006 00000002 0000000f 0000000e 0000000e 00000003 00000004 0000000a 00000000 00000000 00000000
00E 006260000001 00000000 00000000 00000001 00000000 00000001 00000006 00000002 0000000f 0000000e 0000000f 00000003 00000004 0000000a 00000000 00000000 00000000
00F 0A0612004003 00000000 00000004 00000003 00000000 00000001 00000006 00000003 0000000f 0000000e 0000000f 00000003 00000004 0000000a 00000000 00000000 00000000
003 00C000000000 00000000 00000000 00000000 00000000 00000001 00000006 00000003 0000000f 0000000e 0000000f 00000003 00000004 0000000a 00000000 00000000 00000000
004 00B000000000 00000000 00000000 00000000 00000000 00000001 00000006 00000003 0000000f 0000000e 0000000f 00000003 00000004 00000000 00000000 00000000 00000000
005 027A1B004000 00000000 00000004 00000000 00000000 00000001 00000006 00000003 0000000f 0000000e 0000000f 00000003 00000000 00000000 00000000 00000000 00000000
006 104170100000 00000000 00000100 00000000 00000000 00000001 00000006 00000003 0000000c 0000000e 0000000f 00000003 00000000 00000000 00000000 00000000 00000000
007 028B16004000 00000000 00000004 00000000 00000000 00000004 00000006 00000003 0000000c 0000000e 0000000f 00000003 00000000 00000000 00000000 00000000 00000000
008 105180110000 00000000 00000110 00000000 00000000 00000004 00000006 00000003 0000000c 00000003 0000000f 00000003 00000000 00000000 00000000 00000000 00000000
009 02C45C000000 00000000 00000000 00000000 00000000 00000004 00000002 00000003 0000000c 00000003 0000000f 00000003 00000000 00000000 00000000 00000000 00000000
00A 00BB10001000 00000000 00000001 00000000 00000000 00000004 00000002 00000003 0000000c 00000003 0000000f 00000003 00000000 00000008 00000000 00000000 00000000
00B 0A0B12004005 00000000 00000004 00000005 00000000 00000004 00000002 00000003 0000000c 00000003 0000000f 00000003 00000001 00000008 00000000 00000000 00000000
005 027A1B004000 00000000 00000004 00000000 00000000 00000004 00000002 00000003 0000000c 00000003 0000000f 00000003 00000001 00000008 00000000 00000000 00000000
006 104170100000 00000000 00000100 00000000 00000000 00000004 00000002 00000003 0000000d 00000003 0000000f 00000003 00000001 00000008 00000000 00000000 00000000
007 028B16004000 00000000 00000004 00000000 00000000 00000003 00000002 00000003 0000000d 00000003 0000000f 00000003 00000001 00000008 00000000 00000000 00000000
008 105180110000 00000000 00000110 00000000 00000000 00000003 00000002 00000003 0000000d 00000007 0000000f 00000003 00000001 00000008 00000000 00000000 00000000
009 02C45C000000 00000000 00000000 00000000 00000000 00000003 00000001 00000003 0000000d 00000007 0000000f 00000003 00000001 00000008 00000000 00000000 00000000
00A 00BB10001000 00000000 00000001 00000000 00000000 00000003 00000001 00000003 0000000d 00000007 0000000f 00000003 00000001 0000000b 00000000 00000000 00000000
00B 0A0B12004005 00000000 00000004 00000005 00000000 00000003 00000001 00000003 0000000d 00000007 0000000f 00000003 00000002 0000000b 00000000 00000000 00000000
005 027A1B004000 00000000 00000004 00000000 00000000 00000003 00000001 00000003 0000000d 00000007 0000000f 00000003 00000002 0000000b 00000000 00000000 00000000
006 104170100000 00000000 00000100 00000000 00000000 00000003 00000001 00000003 0000000e 00000007 0000000f 00000003 00000002 0000000b 00000000 00000000 00000000
007 028B16004000 00000000 00000004 00000000 00000000 00000002 00000001 00000003 0000000e 00000007 0000000f 00000003 00000002 0000000b 00000000 00000000 00000000
008 105180110000 00000000 00000110 00000000 00000000 00000002 00000001 00000003 0000000e 0000000b 0000000f 00000003 00000002 0000000b 00000000 00000000 00000000
009 02C45C000000 00000000 00000000 00000000 00000000 00000002 00000001 00000003 0000000e 0000000b 0000000f 00000003 00000002 0000000b 00000000 00000000 00000000
00A 00BB10001000 00000000 00000001 00000000 00000000 00000002 00000001 00000003 0000000e 0000000b 0000000f 00000003 00000002 0000000d 00000000 00000000 00000000
00B 0A0B12004005 00000000 00000004 00000005 00000000 00000002 00000001 00000003 0000000e 0000000b 0000000f 00000003 00000003 0000000d 00000000 00000000 00000000
005 027A1B004000 00000000 00000004 00000000 00000000 00000002 00000001 00000003 0000000e 0000000b 0000000f 00000003 00000003 0000000d 00000000 00000000 00000000
006 104170100000 00000000 00000100 00000000 00000000 00000002 00000001 00000003 0000000f 0000000b 0000000f 00000003 00000003 0000000d 00000000 00000000 00000000
007 028B16004000 00000000 00000004 00000000 00000000 00000001 00000001 00000003 0000000f 0000000b 0000000f 00000003 00000003 0000000d 00000000 00000000 00000000
008 105180110000 00000000 00000110 00000000 00000000 00000001 00000001 00000003 0000000f 0000000f 0000000f 00000003 00000003 0000000d 00000000 00000000 00000000
009 02C45C000000 00000000 00000000 00000000 00000000 00000001 00000000 00000003 0000000f 0000000f 0000000f 00000003 00000003 0000000d 00000000 00000000 00000000
00A 00BB10001000 00000000 00000001 00000000 00000000 00000001 00000000 00000003 0000000f 0000000f 0000000f 00000003 00000003 0000000d 00000000 00000000 00000000
00B 0A0B12004005 00000000 00000004 00000005 00000000 00000001 00000000 00000003 0000000f 0000000f 0000000f 00000003 00000004 0000000d 00000000 00000000 00000000
00C 11C910120000 00000000 00000120 00000000 00000000 00000001 00000000 00000003 0000000f 0000000f 0000000f 00000003 00000004 0000000d 00000000 00000000 00000000
00D 009290000001 00000000 00000000 00000001 00000000 00000001 00000000 00000003 0000000f 0000000f 0000000f 00000003 00000004 0000000d 00000000 00000000 00000000
00E 006260000001 00000000 00000000 00000001 00000000 00000001 00000000 00000003 0000000f 0000000f 00000010 00000003 00000004 0000000d 00000000 00000000 00000000
00F 0A0612004003 00000000 00000004 00000003 00000000 00000001 00000000 00000004 0000000f 0000000f 00000010 00000003 00000004 0000000d 00000000 00000000 00000000
010 00AA10001000 00000000 00000001 00000000 00000000 00000001 00000000 00000004 0000000f 0000000f 00000010 00000003 00000004 0000000d 00000000 00000000 00000000
011 0A0A12004002 00000000 00000004 00000002 00000000 00000001 00000000 00000004 0000000f 0000000f 00000010 00000004 00000004 0000000d 00000000 00000000 00000000
012 150000000000 00000000 00000000 00000000 00000000 00000001 00000000 00000004 0000000f 0000000f 00000010 00000004 00000004 0000000d 00000000 00000000 00000000
