000 06E12000100B 00000000 00000001 0000000b 00000000 00000000 00000000 00000000 00000000 00000000 00000000 00000000 00000000 00000000 00000000 00000000 00000000
001 104010100000 00000000 00000100 00000000 00000000 00000000 00000000 00000000 00000000 00000000 00000000 00000000 00000000 00000000 00000000 00000800 00000000
002 105010101000 00000000 00000101 00000000 00000000 00000005 00000000 00000000 00000000 00000000 00000000 00000000 00000000 00000000 00000000 00000800 00000000
003 0FF002000006 00000000 00000000 00000006 00000000 00000005 00000002 00000000 00000000 00000000 00000000 00000000 00000000 00000000 00000000 00000800 00000000
006 00EE20000FFC 00000000 00000000 fffffffc 00000000 00000005 00000002 00000000 00000000 00000000 00000000 00000000 00000000 00000000 00000000 00000800 00000004
007 110E2A000003 00000000 00000000 00000003 00000000 00000005 00000002 00000000 00000000 00000000 00000000 00000000 00000000 00000000 00000000 000007fc 00000004
008 110E2F000002 00000000 00000000 00000002 00000000 00000005 00000002 00000000 00000000 00000000 00000000 00000000 00000000 00000000 00000000 000007fc 00000004
009 110E24000001 00000000 00000000 00000001 00000000 00000005 00000002 00000000 00000000 00000000 00000000 00000000 00000000 00000000 00000000 000007fc 00000004
00A 110E25000000 00000000 00000000 00000000 00000000 00000005 00000002 00000000 00000000 00000000 00000000 00000000 00000000 00000000 00000000 000007fc 00000004
00B 09045100E000 00000000 0000000e 00000000 00000000 00000005 00000002 00000000 00000000 00000000 00000000 00000000 00000000 00000000 00000000 000007fc 00000004
00C 09005100E000 00000000 0000000e 00000000 00000000 00000005 00000002 00000000 00000000 00000000 00000000 00000000 00000000 00000000 00000000 000007fc 00000004
00D 090002000010 00000000 00000000 00000010 00000000 00000005 00000002 00000000 00000000 00000000 00000000 00000000 00000000 00000000 00000000 000007fc 00000004
010 014420000001 00000000 00000000 00000001 00000000 00000005 00000002 00000000 00000000 00000000 00000000 00000000 00000000 00000000 00000000 000007fc 00000004
011 0FF002000006 00000000 00000000 00000006 00000000 00000004 00000002 00000000 00000000 00000000 00000000 00000000 00000000 00000000 00000000 000007fc 00000004
006 00EE20000FFC 00000000 00000000 fffffffc 00000000 00000004 00000002 00000000 00000000 00000000 00000000 00000000 00000000 00000000 00000000 000007fc 00000012
007 110E2A000003 00000000 00000000 00000003 00000000 00000004 00000002 00000000 00000000 00000000 00000000 00000000 00000000 00000000 00000000 000007f8 00000012
008 110E2F000002 00000000 00000000 00000002 00000000 00000004 00000002 00000000 00000000 00000000 00000000 00000000 00000000 00000000 00000000 000007f8 00000012
009 110E24000001 00000000 00000000 00000001 00000000 00000004 00000002 00000000 00000000 00000000 00000000 00000000 00000000 00000000 00000000 000007f8 00000012
00A 110E25000000 00000000 00000000 00000000 00000000 00000004 00000002 00000000 00000000 00000000 00000000 00000000 00000000 00000000 00000000 000007f8 00000012
00B 09045100E000 00000000 0000000e 00000000 00000000 00000004 00000002 00000000 00000000 00000000 00000000 00000000 00000000 00000000 00000000 000007f8 00000012
00C 09005100E000 00000000 0000000e 00000000 00000000 00000004 00000002 00000000 00000000 00000000 00000000 00000000 00000000 00000000 00000000 000007f8 00000012
00D 090002000010 00000000 00000000 00000010 00000000 00000004 00000002 00000000 00000000 00000000 00000000 00000000 00000000 00000000 00000000 000007f8 00000012
010 014420000001 00000000 00000000 00000001 00000000 00000004 00000002 00000000 00000000 00000000 00000000 00000000 00000000 00000000 00000000 000007f8 00000012
011 0FF002000006 00000000 00000000 00000006 00000000 00000003 00000002 00000000 00000000 00000000 00000000 00000000 00000000 00000000 00000000 000007f8 00000012
006 00EE20000FFC 00000000 00000000 fffffffc 00000000 00000003 00000002 00000000 00000000 00000000 00000000 00000000 00000000 00000000 00000000 000007f8 00000012
007 110E2A000003 00000000 00000000 00000003 00000000 00000003 00000002 00000000 00000000 00000000 00000000 00000000 00000000 00000000 00000000 000007f4 00000012
008 110E2F000002 00000000 00000000 00000002 00000000 00000003 00000002 00000000 00000000 00000000 00000000 00000000 00000000 00000000 00000000 000007f4 00000012
009 110E24000001 00000000 00000000 00000001 00000000 00000003 00000002 00000000 00000000 00000000 00000000 00000000 00000000 00000000 00000000 000007f4 00000012
00A 110E25000000 00000000 00000000 00000000 00000000 00000003 00000002 00000000 00000000 00000000 00000000 00000000 00000000 00000000 00000000 000007f4 00000012
00B 09045100E000 00000000 0000000e 00000000 00000000 00000003 00000002 00000000 00000000 00000000 00000000 00000000 00000000 00000000 00000000 000007f4 00000012
00C 09005100E000 00000000 0000000e 00000000 00000000 00000003 00000002 00000000 00000000 00000000 00000000 00000000 00000000 00000000 00000000 000007f4 00000012
00D 090002000010 00000000 00000000 00000010 00000000 00000003 00000002 00000000 00000000 00000000 00000000 00000000 00000000 00000000 00000000 000007f4 00000012
010 014420000001 00000000 00000000 00000001 00000000 00000003 00000002 00000000 00000000 00000000 00000000 00000000 00000000 00000000 00000000 000007f4 00000012
011 0FF002000006 00000000 00000000 00000006 00000000 00000002 00000002 00000000 00000000 00000000 00000000 00000000 00000000 00000000 00000000 000007f4 00000012
006 00EE20000FFC 00000000 00000000 fffffffc 00000000 00000002 00000002 00000000 00000000 00000000 00000000 00000000 00000000 00000000 00000000 000007f4 00000012
007 110E2A000003 00000000 00000000 00000003 00000000 00000002 00000002 00000000 00000000 00000000 00000000 00000000 00000000 00000000 00000000 000007f0 00000012
008 110E2F000002 00000000 00000000 00000002 00000000 00000002 00000002 00000000 00000000 00000000 00000000 00000000 00000000 00000000 00000000 000007f0 00000012
009 110E24000001 00000000 00000000 00000001 00000000 00000002 00000002 00000000 00000000 00000000 00000000 00000000 00000000 00000000 00000000 000007f0 00000012
00A 110E25000000 00000000 00000000 00000000 00000000 00000002 00000002 00000000 00000000 00000000 00000000 00000000 00000000 00000000 00000000 000007f0 00000012
00B 09045100E000 00000000 0000000e 00000000 00000000 00000002 00000002 00000000 00000000 00000000 00000000 00000000 00000000 00000000 00000000 000007f0 00000012
00E 003100001000 00000000 00000001 00000000 00000000 00000002 00000002 00000000 00000000 00000000 00000000 00000000 00000000 00000000 00000000 000007f0 00000012
00F 09000200001A 00000000 00000000 0000001a 00000001 00000002 00000002 00000000 00000000 00000000 00000000 00000000 00000000 00000000 00000000 000007f0 00000012
01A 00EE20000004 00000000 00000000 00000004 00000001 00000002 00000002 00000000 00000000 00000000 00000000 00000000 00000000 00000000 00000000 000007f0 00000012
01B 09000F000000 00000000 00000000 00000000 00000001 00000002 00000002 00000000 00000000 00000000 00000000 00000000 00000000 00000000 00000000 000007f4 00000012
012 00A300000000 00000000 00000000 00000000 00000001 00000002 00000002 00000000 00000000 00000000 00000000 00000000 00000000 00000000 00000000 000007f4 00000012
013 015520000001 00000000 00000000 00000001 00000001 00000002 00000002 00000000 00000000 00000000 00000000 00000001 00000000 00000000 00000000 000007f4 00000012
014 0FF002000006 00000000 00000000 00000006 00000001 00000002 00000001 00000000 00000000 00000000 00000000 00000001 00000000 00000000 00000000 000007f4 00000012
006 00EE20000FFC 00000000 00000000 fffffffc 00000001 00000002 00000001 00000000 00000000 00000000 00000000 00000001 00000000 00000000 00000000 000007f4 00000015
007 110E2A000003 00000000 00000000 00000003 00000001 00000002 00000001 00000000 00000000 00000000 00000000 00000001 00000000 00000000 00000000 000007f0 00000015
008 110E2F000002 00000000 00000000 00000002 00000001 00000002 00000001 00000000 00000000 00000000 00000000 00000001 00000000 00000000 00000000 000007f0 00000015
009 110E24000001 00000000 00000000 00000001 00000001 00000002 00000001 00000000 00000000 00000000 00000000 00000001 00000000 00000000 00000000 000007f0 00000015
00A 110E25000000 00000000 00000000 00000000 00000001 00000002 00000001 00000000 00000000 00000000 00000000 00000001 00000000 00000000 00000000 000007f0 00000015
00B 09045100E000 00000000 0000000e 00000000 00000001 00000002 00000001 00000000 00000000 00000000 00000000 00000001 00000000 00000000 00000000 000007f0 00000015
00C 09005100E000 00000000 0000000e 00000000 00000001 00000002 00000001 00000000 00000000 00000000 00000000 00000001 00000000 00000000 00000000 000007f0 00000015
00D 090002000010 00000000 00000000 00000010 00000001 00000002 00000001 00000000 00000000 00000000 00000000 00000001 00000000 00000000 00000000 000007f0 00000015
010 014420000001 00000000 00000000 00000001 00000001 00000002 00000001 00000000 00000000 00000000 00000000 00000001 00000000 00000000 00000000 000007f0 00000015
011 0FF002000006 00000000 00000000 00000006 00000001 00000001 00000001 00000000 00000000 00000000 00000000 00000001 00000000 00000000 00000000 000007f0 00000015
006 00EE20000FFC 00000000 00000000 fffffffc 00000001 00000001 00000001 00000000 00000000 00000000 00000000 00000001 00000000 00000000 00000000 000007f0 00000012
007 110E2A000003 00000000 00000000 00000003 00000001 00000001 00000001 00000000 00000000 00000000 00000000 00000001 00000000 00000000 00000000 000007ec 00000012
008 110E2F000002 00000000 00000000 00000002 00000001 00000001 00000001 00000000 00000000 00000000 00000000 00000001 00000000 00000000 00000000 000007ec 00000012
009 110E24000001 00000000 00000000 00000001 00000001 00000001 00000001 00000000 00000000 00000000 00000000 00000001 00000000 00000000 00000000 000007ec 00000012
00A 110E25000000 00000000 00000000 00000000 00000001 00000001 00000001 00000000 00000000 00000000 00000000 00000001 00000000 00000000 00000000 000007ec 00000012
00B 09045100E000 00000000 0000000e 00000000 00000001 00000001 00000001 00000000 00000000 00000000 00000000 00000001 00000000 00000000 00000000 000007ec 00000012
00E 003100001000 00000000 00000001 00000000 00000001 00000001 00000001 00000000 00000000 00000000 00000000 00000001 00000000 00000000 00000000 000007ec 00000012
00F 09000200001A 00000000 00000000 0000001a 00000001 00000001 00000001 00000000 00000000 00000000 00000000 00000001 00000000 00000000 00000000 000007ec 00000012
01A 00EE20000004 00000000 00000000 00000004 00000001 00000001 00000001 00000000 00000000 00000000 00000000 00000001 00000000 00000000 00000000 000007ec 00000012
01B 09000F000000 00000000 00000000 00000000 00000001 00000001 00000001 00000000 00000000 00000000 00000000 00000001 00000000 00000000 00000000 000007f0 00000012
012 00A300000000 00000000 00000000 00000000 00000001 00000001 00000001 00000000 00000000 00000000 00000000 00000001 00000000 00000000 00000000 000007f0 00000012
013 015520000001 00000000 00000000 00000001 00000001 00000001 00000001 00000000 00000000 00000000 00000000 00000001 00000000 00000000 00000000 000007f0 00000012
014 0FF002000006 00000000 00000000 00000006 00000001 00000001 00000000 00000000 00000000 00000000 00000000 00000001 00000000 00000000 00000000 000007f0 00000012
006 00EE20000FFC 00000000 00000000 fffffffc 00000001 00000001 00000000 00000000 00000000 00000000 00000000 00000001 00000000 00000000 00000000 000007f0 00000015
007 110E2A000003 00000000 00000000 00000003 00000001 00000001 00000000 00000000 00000000 00000000 00000000 00000001 00000000 00000000 00000000 000007ec 00000015
008 110E2F000002 00000000 00000000 00000002 00000001 00000001 00000000 00000000 00000000 00000000 00000000 00000001 00000000 00000000 00000000 000007ec 00000015
009 110E24000001 00000000 00000000 00000001 00000001 00000001 00000000 00000000 00000000 00000000 00000000 00000001 00000000 00000000 00000000 000007ec 00000015
00A 110E25000000 00000000 00000000 00000000 00000001 00000001 00000000 00000000 00000000 00000000 00000000 00000001 00000000 00000000 00000000 000007ec 00000015
00B 09045100E000 00000000 0000000e 00000000 00000001 00000001 00000000 00000000 00000000 00000000 00000000 00000001 00000000 00000000 00000000 000007ec 00000015
00C 09005100E000 00000000 0000000e 00000000 00000001 00000001 00000000 00000000 00000000 00000000 00000000 00000001 00000000 00000000 00000000 000007ec 00000015
00E 003100001000 00000000 00000001 00000000 00000001 00000001 00000000 00000000 00000000 00000000 00000000 00000001 00000000 00000000 00000000 000007ec 00000015
00F 09000200001A 00000000 00000000 0000001a 00000001 00000001 00000000 00000000 00000000 00000000 00000000 00000001 00000000 00000000 00000000 000007ec 00000015
01A 00EE20000004 00000000 00000000 00000004 00000001 00000001 00000000 00000000 00000000 00000000 00000000 00000001 00000000 00000000 00000000 000007ec 00000015
01B 09000F000000 00000000 00000000 00000000 00000001 00000001 00000000 00000000 00000000 00000000 00000000 00000001 00000000 00000000 00000000 000007f0 00000015
015 0033A0000000 00000000 00000000 00000000 00000001 00000001 00000000 00000000 00000000 00000000 00000000 00000001 00000000 00000000 00000000 000007f0 00000015
016 105E20000000 00000000 00000000 00000000 00000002 00000001 00000000 00000000 00000000 00000000 00000000 00000001 00000000 00000000 00000000 000007f0 00000015
017 104E20000001 00000000 00000000 00000001 00000002 00000001 00000001 00000000 00000000 00000000 00000000 00000001 00000000 00000000 00000000 000007f0 00000015
018 10FE20000002 00000000 00000000 00000002 00000002 00000002 00000001 00000000 00000000 00000000 00000000 00000001 00000000 00000000 00000000 000007f0 00000015
019 10AE20000003 00000000 00000000 00000003 00000002 00000002 00000001 00000000 00000000 00000000 00000000 00000001 00000000 00000000 00000000 000007f0 00000015
01A 00EE20000004 00000000 00000000 00000004 00000002 00000002 00000001 00000000 00000000 00000000 00000000 00000001 00000000 00000000 00000000 000007f0 00000015
01B 09000F000000 00000000 00000000 00000000 00000002 00000002 00000001 00000000 00000000 00000000 00000000 00000001 00000000 00000000 00000000 000007f4 00000015
015 0033A0000000 00000000 00000000 00000000 00000002 00000002 00000001 00000000 00000000 00000000 00000000 00000001 00000000 00000000 00000000 000007f4 00000015
016 105E20000000 00000000 00000000 00000000 00000003 00000002 00000001 00000000 00000000 00000000 00000000 00000001 00000000 00000000 00000000 000007f4 00000015
017 104E20000001 00000000 00000000 00000001 00000003 00000002 00000002 00000000 00000000 00000000 00000000 00000001 00000000 00000000 00000000 000007f4 00000015
018 10FE20000002 00000000 00000000 00000002 00000003 00000003 00000002 00000000 00000000 00000000 00000000 00000001 00000000 00000000 00000000 000007f4 00000015
019 10AE20000003 00000000 00000000 00000003 00000003 00000003 00000002 00000000 00000000 00000000 00000000 00000001 00000000 00000000 00000000 000007f4 00000012
01A 00EE20000004 00000000 00000000 00000004 00000003 00000003 00000002 00000000 00000000 00000000 00000000 00000000 00000000 00000000 00000000 000007f4 00000012
01B 09000F000000 00000000 00000000 00000000 00000003 00000003 00000002 00000000 00000000 00000000 00000000 00000000 00000000 00000000 00000000 000007f8 00000012
012 00A300000000 00000000 00000000 00000000 00000003 00000003 00000002 00000000 00000000 00000000 00000000 00000000 00000000 00000000 00000000 000007f8 00000012
013 015520000001 00000000 00000000 00000001 00000003 00000003 00000002 00000000 00000000 00000000 00000000 00000003 00000000 00000000 00000000 000007f8 00000012
014 0FF002000006 00000000 00000000 00000006 00000003 00000003 00000001 00000000 00000000 00000000 00000000 00000003 00000000 00000000 00000000 000007f8 00000012
006 00EE20000FFC 00000000 00000000 fffffffc 00000003 00000003 00000001 00000000 00000000 00000000 00000000 00000003 00000000 00000000 00000000 000007f8 00000015
007 110E2A000003 00000000 00000000 00000003 00000003 00000003 00000001 00000000 00000000 00000000 00000000 00000003 00000000 00000000 00000000 000007f4 00000015
008 110E2F000002 00000000 00000000 00000002 00000003 00000003 00000001 00000000 00000000 00000000 00000000 00000003 00000000 00000000 00000000 000007f4 00000015
009 110E24000001 00000000 00000000 00000001 00000003 00000003 00000001 00000000 00000000 00000000 00000000 00000003 00000000 00000000 00000000 000007f4 00000015
00A 110E25000000 00000000 00000000 00000000 00000003 00000003 00000001 00000000 00000000 00000000 00000000 00000003 00000000 00000000 00000000 000007f4 00000015
00B 09045100E000 00000000 0000000e 00000000 00000003 00000003 00000001 00000000 00000000 00000000 00000000 00000003 00000000 00000000 00000000 000007f4 00000015
00C 09005100E000 00000000 0000000e 00000000 00000003 00000003 00000001 00000000 00000000 00000000 00000000 00000003 00000000 00000000 00000000 000007f4 00000015
00D 090002000010 00000000 00000000 00000010 00000003 00000003 00000001 00000000 00000000 00000000 00000000 00000003 00000000 00000000 00000000 000007f4 00000015
010 014420000001 00000000 00000000 00000001 00000003 00000003 00000001 00000000 00000000 00000000 00000000 00000003 00000000 00000000 00000000 000007f4 00000015
011 0FF002000006 00000000 00000000 00000006 00000003 00000002 00000001 00000000 00000000 00000000 00000000 00000003 00000000 00000000 00000000 000007f4 00000015
006 00EE20000FFC 00000000 00000000 fffffffc 00000003 00000002 00000001 00000000 00000000 00000000 00000000 00000003 00000000 00000000 00000000 000007f4 00000012
007 110E2A000003 00000000 00000000 00000003 00000003 00000002 00000001 00000000 00000000 00000000 00000000 00000003 00000000 00000000 00000000 000007f0 00000012
008 110E2F000002 00000000 00000000 00000002 00000003 00000002 00000001 00000000 00000000 00000000 00000000 00000003 00000000 00000000 00000000 000007f0 00000012
009 110E24000001 00000000 00000000 00000001 00000003 00000002 00000001 00000000 00000000 00000000 00000000 00000003 00000000 00000000 00000000 000007f0 00000012
00A 110E25000000 00000000 00000000 00000000 00000003 00000002 00000001 00000000 00000000 00000000 00000000 00000003 00000000 00000000 00000000 000007f0 00000012
00B 09045100E000 00000000 0000000e 00000000 00000003 00000002 00000001 00000000 00000000 00000000 00000000 00000003 00000000 00000000 00000000 000007f0 00000012
00C 09005100E000 00000000 0000000e 00000000 00000003 00000002 00000001 00000000 00000000 00000000 00000000 00000003 00000000 00000000 00000000 000007f0 00000012
00D 090002000010 00000000 00000000 00000010 00000003 00000002 00000001 00000000 00000000 00000000 00000000 00000003 00000000 00000000 00000000 000007f0 00000012
010 014420000001 00000000 00000000 00000001 00000003 00000002 00000001 00000000 00000000 00000000 00000000 00000003 00000000 00000000 00000000 000007f0 00000012
011 0FF002000006 00000000 00000000 00000006 00000003 00000001 00000001 00000000 00000000 00000000 00000000 00000003 00000000 00000000 00000000 000007f0 00000012
006 00EE20000FFC 00000000 00000000 fffffffc 00000003 00000001 00000001 00000000 00000000 00000000 00000000 00000003 00000000 00000000 00000000 000007f0 00000012
007 110E2A000003 00000000 00000000 00000003 00000003 00000001 00000001 00000000 00000000 00000000 00000000 00000003 00000000 00000000 00000000 000007ec 00000012
008 110E2F000002 00000000 00000000 00000002 00000003 00000001 00000001 00000000 00000000 00000000 00000000 00000003 00000000 00000000 00000000 000007ec 00000012
009 110E24000001 00000000 00000000 00000001 00000003 00000001 00000001 00000000 00000000 00000000 00000000 00000003 00000000 00000000 00000000 000007ec 00000012
00A 110E25000000 00000000 00000000 00000000 00000003 00000001 00000001 00000000 00000000 00000000 00000000 00000003 00000000 00000000 00000000 000007ec 00000012
00B 09045100E000 00000000 0000000e 00000000 00000003 00000001 00000001 00000000 00000000 00000000 00000000 00000003 00000000 00000000 00000000 000007ec 00000012
00E 003100001000 00000000 00000001 00000000 00000003 00000001 00000001 00000000 00000000 00000000 00000000 00000003 00000000 00000000 00000000 000007ec 00000012
00F 09000200001A 00000000 00000000 0000001a 00000001 00000001 00000001 00000000 00000000 00000000 00000000 00000003 00000000 00000000 00000000 000007ec 00000012
01A 00EE20000004 00000000 00000000 00000004 00000001 00000001 00000001 00000000 00000000 00000000 00000000 00000003 00000000 00000000 00000000 000007ec 00000012
01B 09000F000000 00000000 00000000 00000000 00000001 00000001 00000001 00000000 00000000 00000000 00000000 00000003 00000000 00000000 00000000 000007f0 00000012
012 00A300000000 00000000 00000000 00000000 00000001 00000001 00000001 00000000 00000000 00000000 00000000 00000003 00000000 00000000 00000000 000007f0 00000012
013 015520000001 00000000 00000000 00000001 00000001 00000001 00000001 00000000 00000000 00000000 00000000 00000001 00000000 00000000 00000000 000007f0 00000012
014 0FF002000006 00000000 00000000 00000006 00000001 00000001 00000000 00000000 00000000 00000000 00000000 00000001 00000000 00000000 00000000 000007f0 00000012
006 00EE20000FFC 00000000 00000000 fffffffc 00000001 00000001 00000000 00000000 00000000 00000000 00000000 00000001 00000000 00000000 00000000 000007f0 00000015
007 110E2A000003 00000000 00000000 00000003 00000001 00000001 00000000 00000000 00000000 00000000 00000000 00000001 00000000 00000000 00000000 000007ec 00000015
008 110E2F000002 00000000 00000000 00000002 00000001 00000001 00000000 00000000 00000000 00000000 00000000 00000001 00000000 00000000 00000000 000007ec 00000015
009 110E24000001 00000000 00000000 00000001 00000001 00000001 00000000 00000000 00000000 00000000 00000000 00000001 00000000 00000000 00000000 000007ec 00000015
00A 110E25000000 00000000 00000000 00000000 00000001 00000001 00000000 00000000 00000000 00000000 00000000 00000001 00000000 00000000 00000000 000007ec 00000015
00B 09045100E000 00000000 0000000e 00000000 00000001 00000001 00000000 00000000 00000000 00000000 00000000 00000001 00000000 00000000 00000000 000007ec 00000015
00C 09005100E000 00000000 0000000e 00000000 00000001 00000001 00000000 00000000 00000000 00000000 00000000 00000001 00000000 00000000 00000000 000007ec 00000015
00E 003100001000 00000000 00000001 00000000 00000001 00000001 00000000 00000000 00000000 00000000 00000000 00000001 00000000 00000000 00000000 000007ec 00000015
00F 09000200001A 00000000 00000000 0000001a 00000001 00000001 00000000 00000000 00000000 00000000 00000000 00000001 00000000 00000000 00000000 000007ec 00000015
01A 00EE20000004 00000000 00000000 00000004 00000001 00000001 00000000 00000000 00000000 00000000 00000000 00000001 00000000 00000000 00000000 000007ec 00000015
01B 09000F000000 00000000 00000000 00000000 00000001 00000001 00000000 00000000 00000000 00000000 00000000 00000001 00000000 00000000 00000000 000007f0 00000015
015 0033A0000000 00000000 00000000 00000000 00000001 00000001 00000000 00000000 00000000 00000000 00000000 00000001 00000000 00000000 00000000 000007f0 00000015
016 105E20000000 00000000 00000000 00000000 00000002 00000001 00000000 00000000 00000000 00000000 00000000 00000001 00000000 00000000 00000000 000007f0 00000015
017 104E20000001 00000000 00000000 00000001 00000002 00000001 00000001 00000000 00000000 00000000 00000000 00000001 00000000 00000000 00000000 000007f0 00000015
018 10FE20000002 00000000 00000000 00000002 00000002 00000002 00000001 00000000 00000000 00000000 00000000 00000001 00000000 00000000 00000000 000007f0 00000015
019 10AE20000003 00000000 00000000 00000003 00000002 00000002 00000001 00000000 00000000 00000000 00000000 00000001 00000000 00000000 00000000 000007f0 00000012
01A 00EE20000004 00000000 00000000 00000004 00000002 00000002 00000001 00000000 00000000 00000000 00000000 00000003 00000000 00000000 00000000 000007f0 00000012
01B 09000F000000 00000000 00000000 00000000 00000002 00000002 00000001 00000000 00000000 00000000 00000000 00000003 00000000 00000000 00000000 000007f4 00000012
012 00A300000000 00000000 00000000 00000000 00000002 00000002 00000001 00000000 00000000 00000000 00000000 00000003 00000000 00000000 00000000 000007f4 00000012
013 015520000001 00000000 00000000 00000001 00000002 00000002 00000001 00000000 00000000 00000000 00000000 00000002 00000000 00000000 00000000 000007f4 00000012
014 0FF002000006 00000000 00000000 00000006 00000002 00000002 00000000 00000000 00000000 00000000 00000000 00000002 00000000 00000000 00000000 000007f4 00000012
006 00EE20000FFC 00000000 00000000 fffffffc 00000002 00000002 00000000 00000000 00000000 00000000 00000000 00000002 00000000 00000000 00000000 000007f4 00000015
007 110E2A000003 00000000 00000000 00000003 00000002 00000002 00000000 00000000 00000000 00000000 00000000 00000002 00000000 00000000 00000000 000007f0 00000015
008 110E2F000002 00000000 00000000 00000002 00000002 00000002 00000000 00000000 00000000 00000000 00000000 00000002 00000000 00000000 00000000 000007f0 00000015
009 110E24000001 00000000 00000000 00000001 00000002 00000002 00000000 00000000 00000000 00000000 00000000 00000002 00000000 00000000 00000000 000007f0 00000015
00A 110E25000000 00000000 00000000 00000000 00000002 00000002 00000000 00000000 00000000 00000000 00000000 00000002 00000000 00000000 00000000 000007f0 00000015
00B 09045100E000 00000000 0000000e 00000000 00000002 00000002 00000000 00000000 00000000 00000000 00000000 00000002 00000000 00000000 00000000 000007f0 00000015
00C 09005100E000 00000000 0000000e 00000000 00000002 00000002 00000000 00000000 00000000 00000000 00000000 00000002 00000000 00000000 00000000 000007f0 00000015
00E 003100001000 00000000 00000001 00000000 00000002 00000002 00000000 00000000 00000000 00000000 00000000 00000002 00000000 00000000 00000000 000007f0 00000015
00F 09000200001A 00000000 00000000 0000001a 00000001 00000002 00000000 00000000 00000000 00000000 00000000 00000002 00000000 00000000 00000000 000007f0 00000015
01A 00EE20000004 00000000 00000000 00000004 00000001 00000002 00000000 00000000 00000000 00000000 00000000 00000002 00000000 00000000 00000000 000007f0 00000015
01B 09000F000000 00000000 00000000 00000000 00000001 00000002 00000000 00000000 00000000 00000000 00000000 00000002 00000000 00000000 00000000 000007f4 00000015
015 0033A0000000 00000000 00000000 00000000 00000001 00000002 00000000 00000000 00000000 00000000 00000000 00000002 00000000 00000000 00000000 000007f4 00000015
016 105E20000000 00000000 00000000 00000000 00000003 00000002 00000000 00000000 00000000 00000000 00000000 00000002 00000000 00000000 00000000 000007f4 00000015
017 104E20000001 00000000 00000000 00000001 00000003 00000002 00000001 00000000 00000000 00000000 00000000 00000002 00000000 00000000 00000000 000007f4 00000015
018 10FE20000002 00000000 00000000 00000002 00000003 00000003 00000001 00000000 00000000 00000000 00000000 00000002 00000000 00000000 00000000 000007f4 00000015
019 10AE20000003 00000000 00000000 00000003 00000003 00000003 00000001 00000000 00000000 00000000 00000000 00000002 00000000 00000000 00000000 000007f4 00000015
01A 00EE20000004 00000000 00000000 00000004 00000003 00000003 00000001 00000000 00000000 00000000 00000000 00000003 00000000 00000000 00000000 000007f4 00000015
01B 09000F000000 00000000 00000000 00000000 00000003 00000003 00000001 00000000 00000000 00000000 00000000 00000003 00000000 00000000 00000000 000007f8 00000015
015 0033A0000000 00000000 00000000 00000000 00000003 00000003 00000001 00000000 00000000 00000000 00000000 00000003 00000000 00000000 00000000 000007f8 00000015
016 105E20000000 00000000 00000000 00000000 00000006 00000003 00000001 00000000 00000000 00000000 00000000 00000003 00000000 00000000 00000000 000007f8 00000015
017 104E20000001 00000000 00000000 00000001 00000006 00000003 00000002 00000000 00000000 00000000 00000000 00000003 00000000 00000000 00000000 000007f8 00000015
018 10FE20000002 00000000 00000000 00000002 00000006 00000004 00000002 00000000 00000000 00000000 00000000 00000003 00000000 00000000 00000000 000007f8 00000015
019 10AE20000003 00000000 00000000 00000003 00000006 00000004 00000002 00000000 00000000 00000000 00000000 00000003 00000000 00000000 00000000 000007f8 00000012
01A 00EE20000004 00000000 00000000 00000004 00000006 00000004 00000002 00000000 00000000 00000000 00000000 00000000 00000000 00000000 00000000 000007f8 00000012
01B 09000F000000 00000000 00000000 00000000 00000006 00000004 00000002 00000000 00000000 00000000 00000000 00000000 00000000 00000000 00000000 000007fc 00000012
012 00A300000000 00000000 00000000 00000000 00000006 00000004 00000002 00000000 00000000 00000000 00000000 00000000 00000000 00000000 00000000 000007fc 00000012
013 015520000001 00000000 00000000 00000001 00000006 00000004 00000002 00000000 00000000 00000000 00000000 00000006 00000000 00000000 00000000 000007fc 00000012
014 0FF002000006 00000000 00000000 00000006 00000006 00000004 00000001 00000000 00000000 00000000 00000000 00000006 00000000 00000000 00000000 000007fc 00000012
006 00EE20000FFC 00000000 00000000 fffffffc 00000006 00000004 00000001 00000000 00000000 00000000 00000000 00000006 00000000 00000000 00000000 000007fc 00000015
007 110E2A000003 00000000 00000000 00000003 00000006 00000004 00000001 00000000 00000000 00000000 00000000 00000006 00000000 00000000 00000000 000007f8 00000015
008 110E2F000002 00000000 00000000 00000002 00000006 00000004 00000001 00000000 00000000 00000000 00000000 00000006 00000000 00000000 00000000 000007f8 00000015
009 110E24000001 00000000 00000000 00000001 00000006 00000004 00000001 00000000 00000000 00000000 00000000 00000006 00000000 00000000 00000000 000007f8 00000015
00A 110E25000000 00000000 00000000 00000000 00000006 00000004 00000001 00000000 00000000 00000000 00000000 00000006 00000000 00000000 00000000 000007f8 00000015
00B 09045100E000 00000000 0000000e 00000000 00000006 00000004 00000001 00000000 00000000 00000000 00000000 00000006 00000000 00000000 00000000 000007f8 00000015
00C 09005100E000 00000000 0000000e 00000000 00000006 00000004 00000001 00000000 00000000 00000000 00000000 00000006 00000000 00000000 00000000 000007f8 00000015
00D 090002000010 00000000 00000000 00000010 00000006 00000004 00000001 00000000 00000000 00000000 00000000 00000006 00000000 00000000 00000000 000007f8 00000015
010 014420000001 00000000 00000000 00000001 00000006 00000004 00000001 00000000 00000000 00000000 00000000 00000006 00000000 00000000 00000000 000007f8 00000015
011 0FF002000006 00000000 00000000 00000006 00000006 00000003 00000001 00000000 00000000 00000000 00000000 00000006 00000000 00000000 00000000 000007f8 00000015
006 00EE20000FFC 00000000 00000000 fffffffc 00000006 00000003 00000001 00000000 00000000 00000000 00000000 00000006 00000000 00000000 00000000 000007f8 00000012
007 110E2A000003 00000000 00000000 00000003 00000006 00000003 00000001 00000000 00000000 00000000 00000000 00000006 00000000 00000000 00000000 000007f4 00000012
008 110E2F000002 00000000 00000000 00000002 00000006 00000003 00000001 00000000 00000000 00000000 00000000 00000006 00000000 00000000 00000000 000007f4 00000012
009 110E24000001 00000000 00000000 00000001 00000006 00000003 00000001 00000000 00000000 00000000 00000000 00000006 00000000 00000000 00000000 000007f4 00000012
00A 110E25000000 00000000 00000000 00000000 00000006 00000003 00000001 00000000 00000000 00000000 00000000 00000006 00000000 00000000 00000000 000007f4 00000012
00B 09045100E000 00000000 0000000e 00000000 00000006 00000003 00000001 00000000 00000000 00000000 00000000 00000006 00000000 00000000 00000000 000007f4 00000012
00C 09005100E000 00000000 0000000e 00000000 00000006 00000003 00000001 00000000 00000000 00000000 00000000 00000006 00000000 00000000 00000000 000007f4 00000012
00D 090002000010 00000000 00000000 00000010 00000006 00000003 00000001 00000000 00000000 00000000 00000000 00000006 00000000 00000000 00000000 000007f4 00000012
010 014420000001 00000000 00000000 00000001 00000006 00000003 00000001 00000000 00000000 00000000 00000000 00000006 00000000 00000000 00000000 000007f4 00000012
011 0FF002000006 00000000 00000000 00000006 00000006 00000002 00000001 00000000 00000000 00000000 00000000 00000006 00000000 00000000 00000000 000007f4 00000012
006 00EE20000FFC 00000000 00000000 fffffffc 00000006 00000002 00000001 00000000 00000000 00000000 00000000 00000006 00000000 00000000 00000000 000007f4 00000012
007 110E2A000003 00000000 00000000 00000003 00000006 00000002 00000001 00000000 00000000 00000000 00000000 00000006 00000000 00000000 00000000 000007f0 00000012
008 110E2F000002 00000000 00000000 00000002 00000006 00000002 00000001 00000000 00000000 00000000 00000000 00000006 00000000 00000000 00000000 000007f0 00000012
009 110E24000001 00000000 00000000 00000001 00000006 00000002 00000001 00000000 00000000 00000000 00000000 00000006 00000000 00000000 00000000 000007f0 00000012
00A 110E25000000 00000000 00000000 00000000 00000006 00000002 00000001 00000000 00000000 00000000 00000000 00000006 00000000 00000000 00000000 000007f0 00000012
00B 09045100E000 00000000 0000000e 00000000 00000006 00000002 00000001 00000000 00000000 00000000 00000000 00000006 00000000 00000000 00000000 000007f0 00000012
00C 09005100E000 00000000 0000000e 00000000 00000006 00000002 00000001 00000000 00000000 00000000 00000000 00000006 00000000 00000000 00000000 000007f0 00000012
00D 090002000010 00000000 00000000 00000010 00000006 00000002 00000001 00000000 00000000 00000000 00000000 00000006 00000000 00000000 00000000 000007f0 00000012
010 014420000001 00000000 00000000 00000001 00000006 00000002 00000001 00000000 00000000 00000000 00000000 00000006 00000000 00000000 00000000 000007f0 00000012
011 0FF002000006 00000000 00000000 00000006 00000006 00000001 00000001 00000000 00000000 00000000 00000000 00000006 00000000 00000000 00000000 000007f0 00000012
006 00EE20000FFC 00000000 00000000 fffffffc 00000006 00000001 00000001 00000000 00000000 00000000 00000000 00000006 00000000 00000000 00000000 000007f0 00000012
007 110E2A000003 00000000 00000000 00000003 00000006 00000001 00000001 00000000 00000000 00000000 00000000 00000006 00000000 00000000 00000000 000007ec 00000012
008 110E2F000002 00000000 00000000 00000002 00000006 00000001 00000001 00000000 00000000 00000000 00000000 00000006 00000000 00000000 00000000 000007ec 00000012
009 110E24000001 00000000 00000000 00000001 00000006 00000001 00000001 00000000 00000000 00000000 00000000 00000006 00000000 00000000 00000000 000007ec 00000012
00A 110E25000000 00000000 00000000 00000000 00000006 00000001 00000001 00000000 00000000 00000000 00000000 00000006 00000000 00000000 00000000 000007ec 00000012
00B 09045100E000 00000000 0000000e 00000000 00000006 00000001 00000001 00000000 00000000 00000000 00000000 00000006 00000000 00000000 00000000 000007ec 00000012
00E 003100001000 00000000 00000001 00000000 00000006 00000001 00000001 00000000 00000000 00000000 00000000 00000006 00000000 00000000 00000000 000007ec 00000012
00F 09000200001A 00000000 00000000 0000001a 00000001 00000001 00000001 00000000 00000000 00000000 00000000 00000006 00000000 00000000 00000000 000007ec 00000012
01A 00EE20000004 00000000 00000000 00000004 00000001 00000001 00000001 00000000 00000000 00000000 00000000 00000006 00000000 00000000 00000000 000007ec 00000012
01B 09000F000000 00000000 00000000 00000000 00000001 00000001 00000001 00000000 00000000 00000000 00000000 00000006 00000000 00000000 00000000 000007f0 00000012
012 00A300000000 00000000 00000000 00000000 00000001 00000001 00000001 00000000 00000000 00000000 00000000 00000006 00000000 00000000 00000000 000007f0 00000012
013 015520000001 00000000 00000000 00000001 00000001 00000001 00000001 00000000 00000000 00000000 00000000 00000001 00000000 00000000 00000000 000007f0 00000012
014 0FF002000006 00000000 00000000 00000006 00000001 00000001 00000000 00000000 00000000 00000000 00000000 00000001 00000000 00000000 00000000 000007f0 00000012
006 00EE20000FFC 00000000 00000000 fffffffc 00000001 00000001 00000000 00000000 00000000 00000000 00000000 00000001 00000000 00000000 00000000 000007f0 00000015
007 110E2A000003 00000000 00000000 00000003 00000001 00000001 00000000 00000000 00000000 00000000 00000000 00000001 00000000 00000000 00000000 000007ec 00000015
008 110E2F000002 00000000 00000000 00000002 00000001 00000001 00000000 00000000 00000000 00000000 00000000 00000001 00000000 00000000 00000000 000007ec 00000015
009 110E24000001 00000000 00000000 00000001 00000001 00000001 00000000 00000000 00000000 00000000 00000000 00000001 00000000 00000000 00000000 000007ec 00000015
00A 110E25000000 00000000 00000000 00000000 00000001 00000001 00000000 00000000 00000000 00000000 00000000 00000001 00000000 00000000 00000000 000007ec 00000015
00B 09045100E000 00000000 0000000e 00000000 00000001 00000001 00000000 00000000 00000000 00000000 00000000 00000001 00000000 00000000 00000000 000007ec 00000015
00C 09005100E000 00000000 0000000e 00000000 00000001 00000001 00000000 00000000 00000000 00000000 00000000 00000001 00000000 00000000 00000000 000007ec 00000015
00E 003100001000 00000000 00000001 00000000 00000001 00000001 00000000 00000000 00000000 00000000 00000000 00000001 00000000 00000000 00000000 000007ec 00000015
00F 09000200001A 00000000 00000000 0000001a 00000001 00000001 00000000 00000000 00000000 00000000 00000000 00000001 00000000 00000000 00000000 000007ec 00000015
01A 00EE20000004 00000000 00000000 00000004 00000001 00000001 00000000 00000000 00000000 00000000 00000000 00000001 00000000 00000000 00000000 000007ec 00000015
01B 09000F000000 00000000 00000000 00000000 00000001 00000001 00000000 00000000 00000000 00000000 00000000 00000001 00000000 00000000 00000000 000007f0 00000015
015 0033A0000000 00000000 00000000 00000000 00000001 00000001 00000000 00000000 00000000 00000000 00000000 00000001 00000000 00000000 00000000 000007f0 00000015
016 105E20000000 00000000 00000000 00000000 00000002 00000001 00000000 00000000 00000000 00000000 00000000 00000001 00000000 00000000 00000000 000007f0 00000015
017 104E20000001 00000000 00000000 00000001 00000002 00000001 00000001 00000000 00000000 00000000 00000000 00000001 00000000 00000000 00000000 000007f0 00000015
018 10FE20000002 00000000 00000000 00000002 00000002 00000002 00000001 00000000 00000000 00000000 00000000 00000001 00000000 00000000 00000000 000007f0 00000015
019 10AE20000003 00000000 00000000 00000003 00000002 00000002 00000001 00000000 00000000 00000000 00000000 00000001 00000000 00000000 00000000 000007f0 00000012
01A 00EE20000004 00000000 00000000 00000004 00000002 00000002 00000001 00000000 00000000 00000000 00000000 00000006 00000000 00000000 00000000 000007f0 00000012
01B 09000F000000 00000000 00000000 00000000 00000002 00000002 00000001 00000000 00000000 00000000 00000000 00000006 00000000 00000000 00000000 000007f4 00000012
012 00A300000000 00000000 00000000 00000000 00000002 00000002 00000001 00000000 00000000 00000000 00000000 00000006 00000000 00000000 00000000 000007f4 00000012
013 015520000001 00000000 00000000 00000001 00000002 00000002 00000001 00000000 00000000 00000000 00000000 00000002 00000000 00000000 00000000 000007f4 00000012
014 0FF002000006 00000000 00000000 00000006 00000002 00000002 00000000 00000000 00000000 00000000 00000000 00000002 00000000 00000000 00000000 000007f4 00000012
006 00EE20000FFC 00000000 00000000 fffffffc 00000002 00000002 00000000 00000000 00000000 00000000 00000000 00000002 00000000 00000000 00000000 000007f4 00000015
007 110E2A000003 00000000 00000000 00000003 00000002 00000002 00000000 00000000 00000000 00000000 00000000 00000002 00000000 00000000 00000000 000007f0 00000015
008 110E2F000002 00000000 00000000 00000002 00000002 00000002 00000000 00000000 00000000 00000000 00000000 00000002 00000000 00000000 00000000 000007f0 00000015
009 110E24000001 00000000 00000000 00000001 00000002 00000002 00000000 00000000 00000000 00000000 00000000 00000002 00000000 00000000 00000000 000007f0 00000015
00A 110E25000000 00000000 00000000 00000000 00000002 00000002 00000000 00000000 00000000 00000000 00000000 00000002 00000000 00000000 00000000 000007f0 00000015
00B 09045100E000 00000000 0000000e 00000000 00000002 00000002 00000000 00000000 00000000 00000000 00000000 00000002 00000000 00000000 00000000 000007f0 00000015
00C 09005100E000 00000000 0000000e 00000000 00000002 00000002 00000000 00000000 00000000 00000000 00000000 00000002 00000000 00000000 00000000 000007f0 00000015
00E 003100001000 00000000 00000001 00000000 00000002 00000002 00000000 00000000 00000000 00000000 00000000 00000002 00000000 00000000 00000000 000007f0 00000015
00F 09000200001A 00000000 00000000 0000001a 00000001 00000002 00000000 00000000 00000000 00000000 00000000 00000002 00000000 00000000 00000000 000007f0 00000015
01A 00EE20000004 00000000 00000000 00000004 00000001 00000002 00000000 00000000 00000000 00000000 00000000 00000002 00000000 00000000 00000000 000007f0 00000015
01B 09000F000000 00000000 00000000 00000000 00000001 00000002 00000000 00000000 00000000 00000000 00000000 00000002 00000000 00000000 00000000 000007f4 00000015
015 0033A0000000 00000000 00000000 00000000 00000001 00000002 00000000 00000000 00000000 00000000 00000000 00000002 00000000 00000000 00000000 000007f4 00000015
016 105E20000000 00000000 00000000 00000000 00000003 00000002 00000000 00000000 00000000 00000000 00000000 00000002 00000000 00000000 00000000 000007f4 00000015
017 104E20000001 00000000 00000000 00000001 00000003 00000002 00000001 00000000 00000000 00000000 00000000 00000002 00000000 00000000 00000000 000007f4 00000015
018 10FE20000002 00000000 00000000 00000002 00000003 00000003 00000001 00000000 00000000 00000000 00000000 00000002 00000000 00000000 00000000 000007f4 00000015
019 10AE20000003 00000000 00000000 00000003 00000003 00000003 00000001 00000000 00000000 00000000 00000000 00000002 00000000 00000000 00000000 000007f4 00000012
01A 00EE20000004 00000000 00000000 00000004 00000003 00000003 00000001 00000000 00000000 00000000 00000000 00000006 00000000 00000000 00000000 000007f4 00000012
01B 09000F000000 00000000 00000000 00000000 00000003 00000003 00000001 00000000 00000000 00000000 00000000 00000006 00000000 00000000 00000000 000007f8 00000012
012 00A300000000 00000000 00000000 00000000 00000003 00000003 00000001 00000000 00000000 00000000 00000000 00000006 00000000 00000000 00000000 000007f8 00000012
013 015520000001 00000000 00000000 00000001 00000003 00000003 00000001 00000000 00000000 00000000 00000000 00000003 00000000 00000000 00000000 000007f8 00000012
014 0FF002000006 00000000 00000000 00000006 00000003 00000003 00000000 00000000 00000000 00000000 00000000 00000003 00000000 00000000 00000000 000007f8 00000012
006 00EE20000FFC 00000000 00000000 fffffffc 00000003 00000003 00000000 00000000 00000000 00000000 00000000 00000003 00000000 00000000 00000000 000007f8 00000015
007 110E2A000003 00000000 00000000 00000003 00000003 00000003 00000000 00000000 00000000 00000000 00000000 00000003 00000000 00000000 00000000 000007f4 00000015
008 110E2F000002 00000000 00000000 00000002 00000003 00000003 00000000 00000000 00000000 00000000 00000000 00000003 00000000 00000000 00000000 000007f4 00000015
009 110E24000001 00000000 00000000 00000001 00000003 00000003 00000000 00000000 00000000 00000000 00000000 00000003 00000000 00000000 00000000 000007f4 00000015
00A 110E25000000 00000000 00000000 00000000 00000003 00000003 00000000 00000000 00000000 00000000 00000000 00000003 00000000 00000000 00000000 000007f4 00000015
00B 09045100E000 00000000 0000000e 00000000 00000003 00000003 00000000 00000000 00000000 00000000 00000000 00000003 00000000 00000000 00000000 000007f4 00000015
00C 09005100E000 00000000 0000000e 00000000 00000003 00000003 00000000 00000000 00000000 00000000 00000000 00000003 00000000 00000000 00000000 000007f4 00000015
00E 003100001000 00000000 00000001 00000000 00000003 00000003 00000000 00000000 00000000 00000000 00000000 00000003 00000000 00000000 00000000 000007f4 00000015
00F 09000200001A 00000000 00000000 0000001a 00000001 00000003 00000000 00000000 00000000 00000000 00000000 00000003 00000000 00000000 00000000 000007f4 00000015
01A 00EE20000004 00000000 00000000 00000004 00000001 00000003 00000000 00000000 00000000 00000000 00000000 00000003 00000000 00000000 00000000 000007f4 00000015
01B 09000F000000 00000000 00000000 00000000 00000001 00000003 00000000 00000000 00000000 00000000 00000000 00000003 00000000 00000000 00000000 000007f8 00000015
015 0033A0000000 00000000 00000000 00000000 00000001 00000003 00000000 00000000 00000000 00000000 00000000 00000003 00000000 00000000 00000000 000007f8 00000015
016 105E20000000 00000000 00000000 00000000 00000004 00000003 00000000 00000000 00000000 00000000 00000000 00000003 00000000 00000000 00000000 000007f8 00000015
017 104E20000001 00000000 00000000 00000001 00000004 00000003 00000001 00000000 00000000 00000000 00000000 00000003 00000000 00000000 00000000 000007f8 00000015
018 10FE20000002 00000000 00000000 00000002 00000004 00000004 00000001 00000000 00000000 00000000 00000000 00000003 00000000 00000000 00000000 000007f8 00000015
019 10AE20000003 00000000 00000000 00000003 00000004 00000004 00000001 00000000 00000000 00000000 00000000 00000003 00000000 00000000 00000000 000007f8 00000015
01A 00EE20000004 00000000 00000000 00000004 00000004 00000004 00000001 00000000 00000000 00000000 00000000 00000006 00000000 00000000 00000000 000007f8 00000015
01B 09000F000000 00000000 00000000 00000000 00000004 00000004 00000001 00000000 00000000 00000000 00000000 00000006 00000000 00000000 00000000 000007fc 00000015
015 0033A0000000 00000000 00000000 00000000 00000004 00000004 00000001 00000000 00000000 00000000 00000000 00000006 00000000 00000000 00000000 000007fc 00000015
016 105E20000000 00000000 00000000 00000000 0000000a 00000004 00000001 00000000 00000000 00000000 00000000 00000006 00000000 00000000 00000000 000007fc 00000015
017 104E20000001 00000000 00000000 00000001 0000000a 00000004 00000002 00000000 00000000 00000000 00000000 00000006 00000000 00000000 00000000 000007fc 00000015
018 10FE20000002 00000000 00000000 00000002 0000000a 00000005 00000002 00000000 00000000 00000000 00000000 00000006 00000000 00000000 00000000 000007fc 00000015
019 10AE20000003 00000000 00000000 00000003 0000000a 00000005 00000002 00000000 00000000 00000000 00000000 00000006 00000000 00000000 00000000 000007fc 00000004
01A 00EE20000004 00000000 00000000 00000004 0000000a 00000005 00000002 00000000 00000000 00000000 00000000 00000000 00000000 00000000 00000000 000007fc 00000004
01B 09000F000000 00000000 00000000 00000000 0000000a 00000005 00000002 00000000 00000000 00000000 00000000 00000000 00000000 00000000 00000000 00000800 00000004
004 110023000102 00000000 00000000 00000102 0000000a 00000005 00000002 00000000 00000000 00000000 00000000 00000000 00000000 00000000 00000000 00000800 00000004
005 150000000000 00000000 00000000 00000000 0000000a 00000005 00000002 00000000 00000000 00000000 00000000 00000000 00000000 00000000 00000000 00000800 00000004
